
[09:49:15.345]收←◆10759 10266 10397 11259  9812  9359  9312 10787 11746 10394 11248  9801  9346  9311 0 1 0 0 0 0 0 0 1 0 0 0 0 0   224   224   224   224   224   224   224 10759 10279 10396 11258  9810  9358  9311     6    30    30    30    30    30    30    30    70    70    70    70    70    70    70 
10759 10266 10397 11259  9812  9359  9312 10789 13275 10406 11261  9809  9354  9314 0 1 0 0 0 0 0 0 1 0 0 0 0 0   224   224   224   224   224   224   224 10761 10385 10396 11258  9810  9358  9311    10    30    30    30    30    30    30    30    70    70    70    70    70    70    70 
10759 10266 10397 11259  9812  9359  9312 10792 13626 10405 11255  9812  9355  9320 0 1 0 0 0 0 0 0 1 0 0 0 0 0   224   224   224   224   224   224   224 10763 10579 10397 11258  9810  9357  9312    12    30    30    30    30    30    30    30    70    70    70    70    70    70    70 
10759 10266 10397 11259  9812  9359  9312 10766 14056 10399 11246  9806  9348  9313 0 1 0 0 0 0 0 0 1 0 0 0 0 0   224   224   224   224   224   224   224 10763 10784 10397 11257  9810  9357  9312    14    30    30    30    30    30    30    30    70    70    70    70    70    70    70 
10759 10266 10397 11259  9812  9359  9312 10766 10501 10401 11258  9816  9355  9319 0 1 0 0 0 0 0 0 1 0 0 0 0 0   224   224   224   224   224   224   224 10763 10974 10397 11257  9810  9357  9312    17    30    30    30    30    30    30    30    70    70    70    70    70    70    70 
10759 10266 10397 11258  9812  9359  9312 10773 10330 10399 11259  9815  9353  9317 0 1 0 0 0 0 0 0 1 0 0 0 0 0   224   224   224   224   224   224   224 10764 10934 10397 11257  9811  9356  9313    16    30    30    30    30    30    30    30    70    70    70    70    70    70    70 
10759 10266 10397 11258  9812  9359  9312 10774 10267 10397 11250  9807  9345  9316 0 1 0 0 0 0 0 0 1 0 0 0 0 0   224   224   224   224   224   224   224 10764 10892 10397 11257  9810  9356  9313    15    30    30    30    30    30    30    30    70    70    70    70    70    70    70 
10759 10266 10397 11258  9812  9359  9312 10756 10286 10412 11259  9812  9356  9322 0 1 0 0 0 0 0 0 1 0 0 0 0 0   224   224   224   224   224   224   224 10764 10854 10398 11257  9810  9356  9313    14    30    30    30    30    30    30    30    70    70    70    70    70    70    70 
10759 10266 10397 11258  9812  9359  9312 10761 10263 10410 11257  9815  9358  9321 0 1 0 0 0 0 0 0 1 0 0 0 0 0   224   224   224   224   224   224   224 10763 10817 10399 11257  9811  9356  9314    12    30    30    30    30    30    30    30    70    70    70    70    70    70    70 
10759 10266 10397 11258  9812  9359  9312 10756 10258 10401 11252  9807  9347  9314 0 1 0 0 0 0 0 0 1 0 0 0 0 0   224   224   224   224   224   224   224 10763 10782 10399 11256  9810  9355  9314    11    30    30    30    30    30    30    30    70    70    70    70    70    70    70 
10759 10266 10397 11258  9812  9359  9312 10774 10259 10396 11259  9815  9354  9319 0 1 0 0 0 0 0 0 1 0 0 0 0 0   224   224   224   224   224   224   224 10764 10750 10399 11257  9811  9355  9314    10    30    30    30    30    30    30    30    70    70    70    70    70    70    70 
10759 10266 10397 11258  9811  9359  9312 10787 10258 10413 11250  9809  9361  9323 0 1 0 0 0 0 0 0 1 0 0 0 0 0   224   224   224   224   224   224   224 10765 10719 10400 11256  9811  9355  9315     9    30    30    30    30    30    30    30    70    70    70    70    70    70    70 
10759 10266 10397 11258  9811  9359  9313 10851 10253 10397 11257  9804  9349  9316 0 1 0 0 0 0 0 0 1 0 0 0 0 0   224   224   224   224   224   224   224 10770 10690 10399 11256  9810  9355  9315     9    30    30    30    30    30    30    30    70    70    70    70    70    70    70 
10760 10266 10397 11258  9811  9358  9313 12347 10266 10421 11259  9814  9358  9320 0 1 0 0 0 0 0 0 1 0 0 0 0 0   224   224   224   224   224   224   224 10789 10663 10401 11256  9810  9355  9315    12    30    30    30    30    30    30    30    70    70    70    70    70    70    70 
10760 10266 10397 11258  9811  9358  9313 14095 10261 10424 11248  9807  9346  9315 0 1 0 0 0 0 0 0 1 0 0 0 0 0   224   224   224   224   224   224   224 10901 10638 10402 11256  9810  9355  9315    16    30    30    30    30    30    30    30    70    70    70    70    70    70    70 
10760 10266 10397 11258  9811  9358  9313 14491 10275 10418 11247  9806  9347  9315 1 1 0 0 0 0 0 0 1 0 0 0 0 0   224   224   224   224   224   224   224 11114 10615 10403 11255  9810  9354  9315    17    30    30    30    30    30    30    30    70    70    70    70    70    70    70 
10760 10266 10397 11257  9811  9358  9313 13138 10266 10427 11253  9813  9355  9321 1 1 0 0 0 0 0 0 1 0 0 0 0 0   224   224   224   224   224   224   224 11311 10593 10405 11255  9810  9354  9315    20    30    30    30    30    30    30    30    70    70    70    70    70    70    70 
10760 10266 10397 11257  9811  9358  9313 11279 10257 10424 11253  9807  9349  9315 1 1 0 0 0 0 0 0 1 0 0 0 0 0   224   224   224   224   224   224   224 11411 10572 10406 11255  9810  9354  9315    22    30    30    30    30    30    30    30    70    70    70    70    70    70    70 
10760 10266 10398 11257  9811  9358  9313 10835 10259 10423 11252  9811  9353  9317 1 1 0 0 0 0 0 0 1 0 0 0 0 0   224   224   224   224   224   224   224 11389 10553 10407 11255  9810  9354  9315    23    30    30    30    30    30    30    30    70    70    70    70    70    70    70 
10760 10266 10398 11257  9811  9358  9313 10773 10276 10463 11259  9814  9358  9324 1 1 0 0 0 0 0 0 1 0 0 0 0 0   224   224   224   224   224   224   224 11351 10535 10410 11255  9810  9354  9316    21    30    30    30    30    30    30    30    70    70    70    70    70    70    70 
10760 10266 10398 11257  9811  9358  9313 10768 10260 10472 11255  9808  9349  9317 1 1 0 0 0 0 0 0 1 0 0 0 0 0   224   224   224   224   224   224   224 11314 10518 10414 11255  9810  9354  9316    19    30    30    30    30    30    30    30    70    70    70    70    70    70    70 
10760 10266 10398 11257  9811  9358  9313 10757 10269 10619 11263  9808  9351  9316 1 1 0 0 0 0 0 0 1 0 0 0 0 0   224   224   224   224   224   224   224 11279 10503 10427 11255  9810  9353  9316    18    30    30    30    30    30    30    30    70    70    70    70    70    70    70 
10760 10266 10398 11257  9810  9358  9313 10754 10270 11548 11254  9817  9354  9323 1 1 0 0 0 0 0 0 1 0 0 0 0 0   224   224   224   224   224   224   224 11246 10488 10453 11255  9810  9353  9316    20    30    30    30    30    30    30    30    70    70    70    70    70    70    70 
10760 10266 10398 11257  9810  9358  9314 10754 10264 12372 11244  9803  9351  9317 1 1 0 0 0 0 0 0 1 0 0 0 0 0   224   224   224   224   224   224   224 11216 10474 10535 11254  9810  9353  9316    22    30    30    30    30    30    30    30    70    70    70    70    70    70    70 
10760 10266 10398 11257  9810  9357  9314 10762 10270 12208 11264  9808  9352  9321 1 1 1 0 0 0 0 0 1 0 0 0 0 0   224   224   224   224   224   224   224 11187 10461 10640 11255  9810  9353  9317    21    30    30    30    30    30    30    30    70    70    70    70    70    70    70 
10760 10266 10398 11257  9810  9357  9314 10769 10269 11908 11259  9811  9357  9326 1 1 1 0 0 0 0 0 1 0 0 0 0 0   224   224   224   224   224   224   224 11161 10449 10724 11255  9810  9353  9317    21    30    30    30    30    30    30    30    70    70    70    70    70    70    70 
10760 10266 10398 11257  9810  9357  9314 10785 10262 11412 11246  9799  9352  9313 1 1 1 0 0 0 0 0 1 0 0 0 0 0   224   224   224   224   224   224   224 11138 10437 10784 11255  9809  9353  9317    23    30    30    30    30    30    30    30    70    70    70    70    70    70    70 
10760 10266 10398 11256  9810  9357  9314 10798 10264 10475 11257  9809  9356  9323 1 1 1 0 0 0 0 0 1 0 0 0 0 0   224   224   224   224   224   224   224 11116 10427 10809 11255  9809  9353  9317    25    30    30    30    30    30    30    30    70    70    70    70    70    70    70 
10760 10266 10398 11256  9810  9357  9314 10796 10262 10417 11259  9814  9354  9322 1 1 1 0 0 0 0 0 1 0 0 0 0 0   224   224   224   224   224   224   224 11096 10416 10784 11255  9809  9353  9317    22    30    30    30    30    30    30    30    70    70    70    70    70    70    70 
10760 10266 10398 11256  9810  9357  9314 10778 10266 10396 11253  9798  9351  9314 1 1 1 0 0 0 0 1 1 0 0 0 0 0   224   224   224   224   224   224   224 11076 10407 10760 11255  9808  9353  9317    20    30    30    30    30    30    30    30    70    70    70    70    70    70    70 \010760 10266 10398 11256  9810  9357  9314 10797 10267 10403 11258  9812  9354  9325 1 1 1 0 0 0 0 1 1 0 0 0 0 0   224   224   224   224   224   224   224 11059 10398 10738 11255  9809  9353  9318    18    30    30    30    30    30    30    30    70    70    70    70    70    70    70 \010760 10266 10398 11256  9810  9357  9314 10835 10263 10397 11261  9809  9355  9323 1 1 1 0 0 0 0 1 1 0 0 0 0 0   224   224   224   224   224   224   224 11045 10390 10716 11255  9809  9353  9318    16    30    30    30    30    30    30    30    70    70    70    70    70    70    70 \010760 10266 10398 11256  9810  9357  9314 10900 10258 10384 11253  9805  9344  9317 1 1 1 0 0 0 0 1 1 0 0 0 0 0   224   224   224   224   224   224   224 11036 10381 10696 11255  9808  9353  9318    15    30    30    30    30    30    30    30    70    70    70    70    70    70    70 \010760 10266 10398 11256  9810  9357  9314 11809 10268 10398 11258  9812  9350  9322 1 1 1 0 0 0 0 1 1 0 0 0 0 0   224   224   224   224   224   224   224 11041 10374 10677 11255  9809  9352  9318    18    30    30    30    30    30    30    30    70    70    70    70    70    70    70 \010760 10266 10398 11256  9810  9357  9315 13069 10271 10414 11254  9797  9349  9317 1 0 1 0 0 0 0 1 1 0 0 0 0 0   224   224   224   224   224   224   224 11103 10368 10661 11255  9808  9352  9318    20    30    30    30    30    30    30    30    70    70    70    70    70    70    70 \010760 10266 10398 11256  9810  9356  9315 13166 10255 10403 11253  9812  9345  9320 1 0 1 0 0 0 0 1 1 0 0 0 0 0   224   224   224   224   224   224   224 11232 10361 10644 11255  9808  9352  9318    19    30    30    30    30    30    30    30    70    70    70    70    70    70    70 \010760 10266 10398 11256  9809  9356  9315 12459 10275 10421 11261  9816  9358  9324 1 0 1 0 0 0 0 1 1 0 0 0 0 0   224   224   224   224   224   224   224 11339 10355 10630 11255  9808  9352  9318    21    30    30    30    30    30    30    30    70    70    70    70    70    70    70 \010760 10266 10398 11256  9809  9356  9315 10874 10273 10414 11245  9801  9348  9311 1 0 1 0 0 0 0 1 1 0 0 0 0 0   224   224   224   224   224   224   224 11395 10350 10617 11255  9808  9352  9318    24    30    30    30    30    30    30    30    70    70    70    70    70    70    70 \010760 10266 10398 11255  9809  9356  9315 10777 10283 10398 11259  9805  9344  9320 1 0 1 0 0 0 0 1 1 1 0 0 0 0   224   224   224   224   224   224   224 11356 10346 10603 11255  9808  9351  9318    22    30    30    30    30    30    30    30    70    70    70    70    70    70    70 \010760 10266 10398 11255  9809  9356  9315 10778 10304 10398 11261  9812  9358  9328 1 0 1 0 0 0 0 1 1 1 0 0 0 0   224   224   224   224   224   224   224 11320 10343 10590 11255  9808  9352  9319    19    30    30    30    30    30    30    30    70    70    70    70    70    70    70 \010760 10266 10398 11255  9809  9356  9315 10767 10341 10401 11252  9803  9349  9315 1 0 1 0 0 0 0 1 1 1 0 0 0 0   224   224   224   224   224   224   224 11285 10343 10578 11255  9808  9351  9318    18    30    30    30    30    30    30    30    70    70    70    70    70    70    70 \010760 10266 10398 11255  9809  9356  9315 10778 10521 10397 11250  9805  9353  9312 1 0 1 0 0 0 0 1 1 1 0 0 0 0   224   224   224   224   224   224   224 11254 10354 10567 11255  9807  9352  9318    17    30    30    30    30    30    30    30    70    70    70    70    70    70    70 \010760 10266 10398 11255  9809  9356  9315 10813 18127 10412 11260  9807  9359  9325 1 0 1 0 0 0 0 1 1 1 0 0 0 0   224   224   224   224   224   224   224 11226 10379 10557 11255  9807  9352  9318    20    30    30    30    30    30    30    30    70    70    70    70    70    70    70 \010760 10266 10398 11255  9809  9356  9315 10806 20065 10403 11247  9806  9352  9315 1 1 1 0 0 0 0 1 1 1 0 0 0 0   224   224   224   224   224   224   224 11200 10877 10548 11254  9807  9352  9318    22    30    30    30    30    30    30    30    70    70    70    70    70    70    70 \010760 10266 10398 11255  9809  9356  9315 10790 12037 10405 11256  9811  9357  9314 1 1 1 0 0 0 0 1 1 1 0 0 0 0   224   224   224   224   224   224   224 11174 11437 10539 11255  9807  9352  9318    24    30    30    30    30    30    30    30    70    70    70    70    70    70    70 \010760 10266 10398 11255  9809  9356  9316 10766 10349 10398 11258  9810  9353  9325 1 1 1 0 0 0 0 1 1 1 0 0 0 0   224   224   224   224   224   224   224 11149 11460 10530 11255  9808  9352  9318    26    30    30    30    30    30    30    30    70    70    70    70    70    70    70 \010760 10266 10398 11255  9809  9355  9316 10758 10284 10397 11253  9807  9345  9322 1 1 1 0 0 0 0 1 1 1 0 0 0 0   224   224   224   224   224   224   224 11124 11387 10522 11255  9808  9352  9318    23    30    30    30    30    30    30    30    70    70    70    70    70    70    70 \010760 10266 10398 11255  9808  9355  9316 10759 10281 10401 11258  9805  9353  9318 1 1 1 0 0 0 0 1 1 1 0 0 0 0   224   224   224   224   224   224   224 11101 11318 10514 11255  9807  9352  9318    20    30    30    30    30    30    30    30    70    70    70    70    70    70    70 \010760 10266 10398 11255  9808  9355  9316 10760 10275 10404 11259  9818  9363  9321 1 1 1 0 0 0 0 1 1 1 0 0 0 0   224   224   224   224   224   224   224 11080 11253 10507 11255  9808  9352  9319    18    30    30    30    30    30    30    30    70    70    70    70    70    70    70 \010760 10266 10398 11255  9808  9355  9316 10752 10267 10396 11250  9804  9345  9318 1 1 0 0 0 0 0 1 1 1 0 0 0 0   224   224   224   224   224   224   224 11059 11191 10500 11255  9808  9352  9318    16    30    30    30    30    30    30    30    70    70    70    70    70    70    70 \010760 10266 10398 11255  9808  9355  9316 10760 10261 10401 11258  9814  9353  9320 1 1 0 0 0 0 0 1 1 1 0 0 0 0   224   224   224   224   224   224   224 11041 11133 10494 11255  9808  9352  9319    14    30    30    30    30    30    30    30    70    70    70    70    70    70    70 \010760 10266 10398 11255  9808  9355  9316 10749 10258 10397 11261  9812  9354  9323 1 1 0 0 0 0 0 1 1 1 0 0 0 0   224   224   224   224   224   224   224 11022 11078 10488 11255  9808  9352  9319    13    30    30    30    30    30    30    30    70    70    70    70    70    70    70 \010760 10266 10398 11255  9808  9355  9316 10750 10259 10395 11252  9799  9348  9319 1 1 0 0 0 0 0 1 1 1 0 0 0 0   224   224   224   224   224   224   224 11005 11027 10482 11255  9808  9352  9319    11    30    30    30    30    30    30    30    70    70    70    70    70    70    70 \010760 10266 10398 11255  9808  9355  9316 10753 10266 10402 11259  9811  9354  9321 1 1 0 0 0 0 0 1 1 1 0 0 0 0   224   224   224   224   224   224   224 10990 10979 10477 11255  9808  9352  9319    10    30    30    30    30    30    30    30    70    70    70    70    70    70    70 \010760 10266 10399 11255  9808  9355  9316 10747 10258 10395 11252  9806  9346  9329 1 1 0 0 0 0 0 1 1 1 0 0 0 0   224   224   224   224   224   224   224 10974 10934 10472 11255  9808  9352  9319     9    30    30    30    30    30    30    30    70    70    70    70    70    70    70 \010760 10266 10399 11255  9808  9355  9316 10748 10258 10394 11249  9805  9349  9314 1 1 0 0 0 0 0 1 1 1 0 0 0 0   224   224   224   224   224   224   224 10960 10892 10467 11255  9808  9351  9319     8    30    30    30    30    30    30    30    70    70    70    70    70    70    70 \010760 10266 10399 11255  9808  9355  9317 10754 10267 10400 11256  9812  9358  9323 1 1 0 0 0 0 0 1 1 1 0 0 0 0   224   224   224   224   224   224   224 10947 10853 10463 11255  9808  9352  9319     7    30    30    30    30    30    30    30    70    70    70    70    70    70    70 \010760 10266 10399 11255  9808  9354  9317 10751 10261 10389 11252  9808  9345  9320 1 1 0 0 0 0 0 1 1 1 0 0 0 0   224   224   224   224   224   224   224 10935 10816 10458 11254  9808  9351  9319     7    30    30    30    30    30    30    30    70    70    70    70    70    70    70 \010760 10266 10399 11255  9808  9354  9317 10747 10262 10394 11251  9808  9346  9319 1 1 0 0 0 0 0 1 1 1 0 0 0 0   224   224   224   224   224   224   224 10923 10781 10454 11254  9808  9351  9319     6    30    30    30    30    30    30    30    70    70    70    70    70    70    70 \010760 10266 10399 11255  9808  9354  9317 10752 10267 10396 11256  9812  9355  9322 1 1 0 0 0 0 0 1 1 1 0 0 0 0   224   224   224   224   224   224   224 10912 10749 10450 11254  9808  9351  9319     5    30    30    30    30    30    30    30    70    70    70    70    70    70    70 \010760 10266 10399 11255  9808  9354  9317 10749 10257 10392 11250  9811  9347  9315 1 1 0 0 0 0 0 1 1 1 0 0 0 0   224   224   224   224   224   224   224 10902 10718 10447 11254  9808  9351  9319     5    30    30    30    30    30    30    30    70    70    70    70    70    70    70 \010760 10266 10399 11255  9808  9354  9317 10756 10267 10393 11251  9805  9348  9318 1 1 0 0 0 0 0 1 1 1 0 0 0 0   224   224   224   224   224   224   224 10893 10690 10443 11254  9808  9351  9319     4    30    30    30    30    30    30    30    70    70    70    70    70    70    70 \010760 10266 10399 11255  9808  9354  9317 10754 10268 10401 11257  9815  9354  9323 1 1 0 0 0 0 0 1 1 1 0 0 0 0   224   224   224   224   224   224   224 10884 10664 10441 11254  9808  9351  9319     4    30    30    30    30    30    30    30    70    70    70    70    70    70    70 \010760 10266 10399 11255  9808  9354  9317 10747 10256 10390 11249  9804  9349  9315 1 1 0 0 0 0 0 1 1 1 0 0 0 0   224   224   224   224   224   224   224 10876 10638 10437 11254  9808  9351  9319     4    30    30    30    30    30    30    30    70    70    70    70    70    70    70 \010760 10266 10399 11255  9808  9354  9317 10755 10272 10399 11260  9812  9355  9316 1 1 0 0 0 0 0 1 1 1 0 0 0 0   224   224   224   224   224   224   224 10868 10615 10435 11254  9808  9351  9319     4    30    30    30    30    30    30    30    70    70    70    70    70    70    70 \010760 10266 10399 11255  9808  9354  9317 10756 10267 10397 11257  9815  9357  9324 0 0 0 0 0 0 0 0 0 0 0 0 0 0   224   224   224   224   224   224   224 10861 10593 10433 11254  9809  9351  9319     3    30    30    30    30    30    30    30    70    70    70    70    70    70    70 
10760 10266 10399 11255  9808  9354  9317 10749 10261 10394 11251  9808  9351  9318 0 0 0 0 0 0 0 0 0 0 0 0 0 0   224   224   224   224   224   224   224 10854 10573 10430 11254  9809  9351  9319     3    30    30    30    30    30    30    30    70    70    70    70    70    70    70 
10760 10266 10399 11255  9808  9354  9318 10755 10267 10401 11259  9812  9357  9326 0 0 0 0 0 0 0 0 0 0 0 0 0 0   224   224   224   224   224   224   224 10848 10553 10428 11254  9809  9352  9319     3    30    30    30    30    30    30    30    70    70    70    70    70    70    70 
10760 10266 10399 11255  9808  9354  9318 10755 10266 10395 11260  9814  9358  9324 0 0 0 0 0 0 0 0 0 0 0 0 0 0   224   224   224   224   224   224   224 10842 10535 10426 11254  9809  9352  9320     3    30    30    30    30    30    30    30    70    70    70    70    70    70    70 
10760 10266 10399 11255  9808  9354  9318 10748 10257 10391 11250  9806  9346  9317 0 0 0 0 0 0 0 0 0 0 0 0 0 0   224   224   224   224   224   224   224 10836 10518 10424 11254  9809  9352  9319     3    30    30    30    30    30    30    30    70    70    70    70    70    70    70 
10760 10266 10399 11255  9808  9354  9318 10756 10267 10398 11259  9812  9355  9326 0 0 0 0 0 0 0 0 0 0 0 0 0 0   224   224   224   224   224   224   224 10831 10502 10422 11254  9809  9352  9320     3    30    30    30    30    30    30    30    70    70    70    70    70    70    70 
10760 10266 10399 11255  9808  9354  9318 10746 10267 10399 11259  9811  9357  9323 0 0 0 0 0 0 0 0 0 0 0 0 0 0   224   224   224   224   224   224   224 10826 10488 10421 11255  9809  9352  9320     2    30    30    30    30    30    30    30    70    70    70    70    70    70    70 
10760 10266 10399 11255  9808  9354  9318 10753 10261 10394 11255  9807  9351  9318 0 0 0 0 0 0 0 0 0 0 0 0 0 0   224   224   224   224   224   224   224 10821 10473 10419 11255  9809  9352  9320     2    30    30    30    30    30    30    30    70    70    70    70    70    70    70 
10760 10266 10399 11255  9808  9354  9318 10754 10266 10400 11256  9813  9356  9323 0 0 0 0 0 0 0 0 0 0 0 0 0 0   224   224   224   224   224   224   224 10817 10460 10418 11255  9809  9352  9320     2    30    30    30    30    30    30    30    70    70    70    70    70    70    70 
10760 10266 10399 11255  9808  9354  9318 10750 10261 10389 11252  9817  9355  9323 0 0 0 0 0 0 0 0 0 0 0 0 0 0   224   224   224   224   224   224   224 10813 10448 10416 11255  9810  9352  9320     2    30    30    30    30    30    30    30    70    70    70    70    70    70    70 
10760 10266 10399 11255  9808  9354  9318 10750 10263 10396 11249  9805  9348  9318 0 0 0 0 0 0 0 0 0 0 0 0 0 0   224   224   224   224   224   224   224 10809 10436 10415 11254  9809  9352  9320     2    30    30    30    30    30    30    30    70    70    70    70    70    70    70 
10759 10266 10399 11255  9808  9354  9318 10756 10267 10402 11258  9814  9358  9322 0 0 0 0 0 0 0 0 0 0 0 0 0 0   224   224   224   224   224   224   224 10805 10426 10414 11254  9810  9352  9320     2    30    30    30    30    30    30    30    70    70    70    70    70    70    70 
10759 10266 10399 11255  9808  9354  9318 10747 10260 10392 11251  9805  9348  9315 0 0 0 0 0 0 0 0 0 0 0 0 0 0   224   224   224   224   224   224   224 10802 10415 10413 11254  9809  9352  9320     2    30    30    30    30    30    30    30    70    70    70    70    70    70    70 
10759 10266 10399 11255  9808  9354  9318 10748 10259 10394 11252  9803  9347  9316 0 0 0 0 0 0 0 0 0 0 0 0 0 0   224   224   224   224   224   224   224 10798 10405 10411 11254  9809  9352  9319     2    30    30    30    30    30    30    30    70    70    70    70    70    70    70 
10759 10266 10399 11255  9808  9354  9318 10754 10265 10398 11257  9813  9356  9322 0 0 0 0 0 0 0 0 0 0 0 0 0 0   224   224   224   224   224   224   224 10796 10397 10410 11254  9809  9352  9320     2    30    30    30    30    30    30    30    70    70    70    70    70    70    70 
10759 10266 10399 11255  9808  9354  9318 10744 10259 10394 11251  9808  9348  9320 0 0 0 0 0 0 0 0 0 0 0 0 0 0   224   224   224   224   224   224   224 10792 10388 10409 11254  9809  9352  9320     2    30    30    30    30    30    30    30    70    70    70    70    70    70    70 
10759 10266 10399 11255  9808  9354  9318 10750 10256 10389 11251  9808  9347  9316 0 0 0 0 0 0 0 0 0 0 0 0 0 0   224   224   224   224   224   224   224 10790 10380 10408 11254  9809  9351  9319     2    30    30    30    30    30    30    30    70    70    70    70    70    70    70 
10759 10266 10399 11255  9808  9354  9318 10753 10264 10398 11258  9812  9357  9323 0 0 0 0 0 0 0 0 0 0 0 0 0 0   224   224   224   224   224   224   224 10787 10372 10407 11254  9809  9352  9320     2    30    30    30    30    30    30    30    70    70    70    70    70    70    70 
10759 10266 10399 11255  9808  9354  9318 10749 10260 10392 11250  9804  9348  9316 0 0 0 0 0 0 0 0 0 0 0 0 0 0   224   224   224   224   224   224   224 10785 10365 10406 11254  9809  9351  9319     2    30    30    30    30    30    30    30    70    70    70    70    70    70    70 
10759 10266 10399 11255  9808  9354  9318 10757 10262 10391 11246  9806  9345  9316 0 0 0 0 0 0 0 0 0 0 0 0 0 0   224   224   224   224   224   224   224 10783 10359 10405 11253  9808  9351  9319     1    30    30    30    30    30    30    30    70    70    70    70    70    70    70 
10759 10266 10399 11255  9808  9354  9318 10756 10263 10400 11255  9812  9355  9321 0 0 0 0 0 0 0 0 0 0 0 0 0 0   224   224   224   224   224   224   224 10781 10353 10405 11253  9809  9351  9319     2    30    30    30    30    30    30    30    70    70    70    70    70    70    70 
10759 10266 10399 11254  9808  9354  9318 10743 10260 10390 11252  9807  9348  9318 0 0 0 0 0 0 0 0 0 0 0 0 0 0   224   224   224   224   224   224   224 10779 10347 10404 11253  9809  9351  9319     2    30    30    30    30    30    30    30    70    70    70    70    70    70    70 
10758 10266 10399 11254  9808  9354  9318 10752 10263 10397 11258  9804  9349  9316 0 0 0 0 0 0 0 0 0 0 0 0 0 0   224   224   224   224   224   224   224 10777 10342 10404 11253  9808  9351  9319     2    30    30    30    30    30    30    30    70    70    70    70    70    70    70 
10758 10266 10399 11254  9808  9354  9318 10753 10265 10397 11257  9814  9356  9321 0 0 0 0 0 0 0 0 0 0 0 0 0 0   224   224   224   224   224   224   224 10776 10337 10403 11254  9809  9351  9319     1    30    30    30    30    30    30    30    70    70    70    70    70    70    70 
10758 10266 10399 11254  9808  9354  9318 10743 10260 10390 11252  9807  9348  9318 0 0 0 0 0 0 0 0 0 0 0 0 0 0   224   224   224   224   224   224   224 10774 10332 10402 11253  9808  9351  9319     1    30    30    30    30    30    30    30    70    70    70    70    70    70    70 
10758 10266 10399 11254  9808  9354  9318 10749 10266 10399 11258  9812  9355  9321 0 0 0 0 0 0 0 0 0 0 0 0 0 0   224   224   224   224   224   224   224 10772 10328 10402 11254  9809  9351  9319     2    30    30    30    30    30    30    30    70    70    70    70    70    70    70 
10758 10266 10399 11254  9808  9354  9318 10758 10267 10398 11256  9810  9357  9323 0 0 0 0 0 0 0 0 0 0 0 0 0 0   224   224   224   224   224   224   224 10771 10324 10402 11254  9809  9351  9319     1    30    30    30    30    30    30    30    70    70    70    70    70    70    70 
10758 10266 10399 11254  9808  9354  9318 10749 10260 10392 11250  9805  9347  9317 0 0 0 0 0 0 0 0 0 0 0 0 0 0   224   224   224   224   224   224   224 10770 10320 10401 11254  9808  9351  9319     1    30    30    30    30    30    30    30    70    70    70    70    70    70    70 
10758 10265 10399 11254  9808  9354  9318 10753 10265 10394 11258  9813  9353  9326 0 0 0 0 0 0 0 0 0 0 0 0 0 0   224   224   224   224   224   224   224 10769 10317 10401 11254  9809  9351  9319     1    30    30    30    30    30    30    30    70    70    70    70    70    70    70 
10758 10265 10399 11254  9808  9354  9318 10755 10264 10402 11255  9810  9356  9323 0 0 0 0 0 0 0 0 0 0 0 0 0 0   224   224   224   224   224   224   224 10768 10313 10401 11254  9809  9351  9320     1    30    30    30    30    30    30    30    70    70    70    70    70    70    70 
10758 10265 10399 11254  9808  9354  9318 10750 10258 10390 11251  9806  9349  9317 0 0 0 0 0 0 0 0 0 0 0 0 0 0   224   224   224   224   224   224   224 10767 10310 10400 11254  9809  9351  9319     1    30    30    30    30    30    30    30    70    70    70    70    70    70    70 
10758 10265 10399 11254  9808  9354  9318 10755 10266 10397 11257  9813  9355  9322 0 0 0 0 0 0 0 0 0 0 0 0 0 0   224   224   224   224   224   224   224 10766 10307 10400 11254  9809  9351  9320     1    30    30    30    30    30    30    30    70    70    70    70    70    70    70 
10758 10265 10399 11254  9808  9354  9318 10749 10263 10404 11257  9809  9359  9325 0 0 0 0 0 0 0 0 0 0 0 0 0 0   224   224   224   224   224   224   224 10765 10304 10400 11254  9809  9352  9320     1    30    30    30    30    30    30    30    70    70    70    70    70    70    70 
10758 10265 10399 11254  9808  9354  9318 10748 10268 10398 11251  9806  9348  9318 0 0 0 0 0 0 0 0 0 0 0 0 0 0   224   224   224   224   224   224   224 10764 10302 10400 11254  9809  9352  9320     1    30    30    30    30    30    30    30    70    70    70    70    70    70    70 
10757 10265 10398 11254  9808  9354  9318 10754 10270 10398 11258  9813  9358  9325 0 0 0 0 0 0 0 0 0 0 0 0 0 0   224   224   224   224   224   224   224 10763 10300 10400 11254  9809  9352  9320     1    30    30    30    30    30    30    30    70    70    70    70    70    70    70 
10757 10265 10398 11254  9808  9354  9318 10748 10264 10402 11253  9808  9358  9323 0 0 0 0 0 0 0 0 0 0 0 0 0 0   224   224   224   224   224   224   224 10762 10298 10400 11254  9809  9352  9320     1    30    30    30    30    30    30    30    70    70    70    70    70    70    70 
10757 10265 10398 11254  9808  9354  9318 10747 10256 10394 11253  9807  9350  9314 0 0 0 0 0 0 0 0 0 0 0 0 0 0   224   224   224   224   224   224   224 10761 10295 10399 11254  9809  9352  9320     1    30    30    30    30    30    30    30    70    70    70    70    70    70    70 
10757 10265 10398 11254  9808  9354  9318 10757 10270 10399 11257  9814  9357  9327 0 0 0 0 0 0 0 0 0 0 0 0 0 0   224   224   224   224   224   224   224 10761 10293 10399 11254  9809  9352  9320     2    30    30    30    30    30    30    30    70    70    70    70    70    70    70 
10757 10265 10398 11254  9808  9354  9318 10750 10263 10393 11249  9805  9349  9317 0 0 0 0 0 0 0 0 0 0 0 0 0 0   224   224   224   224   224   224   224 10760 10291 10399 11254  9809  9352  9320     2    30    30    30    30    30    30    30    70    70    70    70    70    70    70 
10757 10265 10398 11254  9808  9354  9318 10747 10263 10388 11250  9806  9348  9317 0 0 0 0 0 0 0 0 0 0 0 0 0 0   224   224   224   224   224   224   224 10759 10290 10398 11253  9808  9352  9320     1    30    30    30    30    30    30    30    70    70    70    70    70    70    70 
10757 10265 10398 11254  9808  9354  9318 10756 10263 10397 11256  9814  9356  9323 0 0 0 0 0 0 0 0 0 0 0 0 0 0   224   224   224   224   224   224   224 10759 10288 10398 11254  9809  9352  9320     2    30    30    30    30    30    30    30    70    70    70    70    70    70    70 
10757 10265 10398 11254  9808  9354  9318 10751 10253 10393 11251  9807  9351  9316 0 0 0 0 0 0 0 0 0 0 0 0 0 0   224   224   224   224   224   224   224 10758 10286 10398 11253  9809  9352  9320     2    30    30    30    30    30    30    30    70    70    70    70    70    70    70 
10757 10265 10398 11254  9808  9354  9318 10748 10258 10390 11253  9805  9347  9317 0 0 0 0 0 0 0 0 0 0 0 0 0 0   224   224   224   224   224   224   224 10758 10284 10397 11253  9808  9352  9319     1    30    30    30    30    30    30    30    70    70    70    70    70    70    70 
10757 10265 10398 11254  9808  9354  9318 10755 10271 10396 11258  9815  9355  9326 0 0 0 0 0 0 0 0 0 0 0 0 0 0   224   224   224   224   224   224   224 10758 10283 10397 11254  9809  9352  9320     2    30    30    30    30    30    30    30    70    70    70    70    70    70    70 
10757 10265 10398 11254  9808  9354  9318 10750 10262 10392 11250  9806  9348  9317 0 0 0 0 0 0 0 0 0 0 0 0 0 0   224   224   224   224   224   224   224 10757 10282 10397 11253  9809  9352  9320     2    30    30    30    30    30    30    30    70    70    70    70    70    70    70 
10757 10265 10398 11254  9808  9354  9318 10756 10268 10398 11252  9806  9352  9316 0 0 0 0 0 0 0 0 0 0 0 0 0 0   224   224   224   224   224   224   224 10757 10281 10397 11253  9808  9352  9319     2    30    30    30    30    30    30    30    70    70    70    70    70    70    70 
10757 10265 10398 11254  9808  9354  9318 10758 10274 10396 11257  9813  9357  9322 0 0 0 0 0 0 0 0 0 0 0 0 0 0   224   224   224   224   224   224   224 10757 10280 10397 11253  9809  9352  9319     1    30    30    30    30    30    30    30    70    70    70    70    70    70    70 
10757 10265 10398 11254  9808  9354  9318 10744 10257 10388 11257  9811  9350  9318 0 0 0 0 0 0 0 0 0 0 0 0 0 0   224   224   224   224   224   224   224 10756 10279 10396 11254  9809  9352  9319     2    30    30    30    30    30    30    30    70    70    70    70    70    70    70 
10756 10265 10398 11254  9808  9354  9318 10752 10263 10406 11259  9813  9351  9317 0 0 0 0 0 0 0 0 0 0 0 0 0 0   224   224   224   224   224   224   224 10756 10278 10397 11254  9809  9352  9319     2    30    30    30    30    30    30    30    70    70    70    70    70    70    70 
10756 10265 10398 11254  9808  9354  9318 10753 10266 10395 11256  9813  9356  9325 0 0 0 0 0 0 0 0 0 0 0 0 0 0   224   224   224   224   224   224   224 10756 10277 10397 11254  9809  9352  9320     2    30    30    30    30    30    30    30    70    70    70    70    70    70    70 
10756 10265 10398 11254  9808  9354  9318 10746 10266 10391 11249  9806  9347  9317 0 0 0 0 0 0 0 0 0 0 0 0 0 0   224   224   224   224   224   224   224 10755 10276 10396 11254  9809  9352  9319     2    30    30    30    30    30    30    30    70    70    70    70    70    70    70 
10756 10265 10398 11254  9808  9354  9318 10749 10265 10403 11258  9812  9355  9321 0 0 0 0 0 0 0 0 0 0 0 0 0 0   224   224   224   224   224   224   224 10755 10276 10397 11254  9809  9352  9319     2    30    30    30    30    30    30    30    70    70    70    70    70    70    70 
10756 10265 10398 11254  9808  9354  9318 10759 10265 10391 11258  9816  9356  9323 0 0 0 0 0 0 0 0 0 0 0 0 0 0   224   224   224   224   224   224   224 10755 10275 10396 11254  9809  9352  9320     2    30    30    30    30    30    30    30    70    70    70    70    70    70    70 
10756 10265 10398 11254  9808  9354  9318 10745 10259 10385 11250  9802  9347  9318 0 0 0 0 0 0 0 0 0 0 0 0 0 0   224   224   224   224   224   224   224 10754 10274 10396 11254  9809  9352  9319     2    30    30    30    30    30    30    30    70    70    70    70    70    70    70 
10756 10265 10398 11254  9808  9354  9318 10760 10262 10404 11259  9813  9355  9320 0 0 0 0 0 0 0 0 0 0 0 0 0 0   224   224   224   224   224   224   224 10755 10273 10396 11254  9809  9352  9319     2    30    30    30    30    30    30    30    70    70    70    70    70    70    70 
10756 10265 10398 11254  9808  9354  9318 10757 10271 10390 11253  9813  9358  9323 0 0 0 0 0 0 0 0 0 0 0 0 0 0   224   224   224   224   224   224   224 10755 10273 10396 11254  9809  9352  9320     2    30    30    30    30    30    30    30    70    70    70    70    70    70    70 
10756 10265 10398 11254  9808  9354  9318 10749 10265 10399 11253  9808  9347  9315 0 0 0 0 0 0 0 0 0 0 0 0 0 0   224   224   224   224   224   224   224 10754 10272 10396 11254  9809  9352  9319     2    30    30    30    30    30    30    30    70    70    70    70    70    70    70 
10756 10265 10398 11254  9808  9354  9318 10757 10269 10410 11256  9809  9357  9325 0 0 0 0 0 0 0 0 0 0 0 0 0 0   224   224   224   224   224   224   224 10754 10272 10397 11254  9809  9352  9320     2    30    30    30    30    30    30    30    70    70    70    70    70    70    70 
10756 10265 10398 11254  9808  9354  9319 10753 10261 10400 11260  9812  9360  9322 0 0 0 0 0 0 0 0 0 0 0 0 0 0   224   224   224   224   224   224   224 10754 10271 10397 11254  9809  9353  9320     2    30    30    30    30    30    30    30    70    70    70    70    70    70    70 
10756 10265 10398 11254  9808  9354  9319 10748 10261 10396 11253  9806  9348  9315 0 0 0 0 0 0 0 0 0 0 0 0 0 0   224   224   224   224   224   224   224 10754 10271 10397 11254  9809  9352  9319     2    30    30    30    30    30    30    30    70    70    70    70    70    70    70 
10756 10265 10398 11254  9808  9354  9319 10754 10272 10396 11257  9816  9350  9321 0 0 0 0 0 0 0 0 0 0 0 0 0 0   224   224   224   224   224   224   224 10754 10271 10397 11254  9810  9352  9319     2    30    30    30    30    30    30    30    70    70    70    70    70    70    70 
10756 10265 10398 11254  9808  9354  9319 10749 10264 10393 11252  9806  9350  9329 0 0 0 0 0 0 0 0 0 0 0 0 0 0   224   224   224   224   224   224   224 10754 10270 10396 11254  9809  9352  9320     2    30    30    30    30    30    30    30    70    70    70    70    70    70    70 
10756 10265 10397 11254  9808  9354  9319 10749 10260 10390 11247  9800  9353  9316 0 0 0 0 0 0 0 0 0 0 0 0 0 0   224   224   224   224   224   224   224 10753 10270 10396 11254  9809  9352  9320     2    30    30    30    30    30    30    30    70    70    70    70    70    70    70 
10756 10265 10397 11254  9808  9354  9319 10751 10272 10401 11256  9814  9356  9324 0 0 0 0 0 0 0 0 0 0 0 0 0 0   224   224   224   224   224   224   224 10753 10270 10396 11254  9809  9352  9320     2    30    30    30    30    30    30    30    70    70    70    70    70    70    70 
10756 10265 10397 11254  9808  9354  9319 10751 10257 10401 11254  9806  9348  9319 0 0 0 0 0 0 0 0 0 0 0 0 0 0   224   224   224   224   224   224   224 10753 10269 10397 11254  9809  9352  9320     2    30    30    30    30    30    30    30    70    70    70    70    70    70    70 
10756 10265 10397 11254  9808  9353  9319 10749 10265 10395 11252  9807  9348  9315 0 0 0 0 0 0 0 0 0 0 0 0 0 0   224   224   224   224   224   224   224 10753 10269 10396 11254  9809  9352  9320     2    30    30    30    30    30    30    30    70    70    70    70    70    70    70 
10756 10265 10397 11254  9808  9353  9319 10754 10272 10405 11256  9812  9359  9323 0 0 0 0 0 0 0 0 0 0 0 0 0 0   224   224   224   224   224   224   224 10753 10269 10397 11254  9809  9352  9320     2    30    30    30    30    30    30    30    70    70    70    70    70    70    70 
10755 10265 10397 11254  9808  9353  9319 10751 10261 10389 11251  9803  9350  9323 0 0 0 0 0 0 0 0 0 0 0 0 0 0   224   224   224   224   224   224   224 10753 10268 10396 11254  9808  9352  9320     2    30    30    30    30    30    30    30    70    70    70    70    70    70    70 
10755 10265 10397 11254  9808  9353  9319 10750 10257 10388 11255  9805  9352  9315 0 0 0 0 0 0 0 0 0 0 0 0 0 0   224   224   224   224   224   224   224 10752 10268 10396 11254  9808  9352  9320     2    30    30    30    30    30    30    30    70    70    70    70    70    70    70 
10755 10265 10397 11254  9808  9353  9319 10756 10272 10402 11256  9814  9358  9320 0 0 0 0 0 0 0 0 0 0 0 0 0 0   224   224   224   224   224   224   224 10753 10268 10396 11254  9808  9352  9320     2    30    30    30    30    30    30    30    70    70    70    70    70    70    70 
10755 10265 10397 11254  9808  9353  9319 10749 10256 10392 11252  9807  9349  9317 0 0 0 0 0 0 0 0 0 0 0 0 0 0   224   224   224   224   224   224   224 10752 10267 10396 11254  9808  9352  9319     2    30    30    30    30    30    30    30    70    70    70    70    70    70    70 
10755 10265 10397 11254  9808  9353  9319 10753 10269 10397 11251  9807  9348  9313 0 0 0 0 0 0 0 0 0 0 0 0 0 0   224   224   224   224   224   224   224 10752 10267 10396 11253  9808  9352  9319     2    30    30    30    30    30    30    30    70    70    70    70    70    70    70 
10755 10265 10397 11254  9808  9353  9319 10755 10266 10402 11256  9811  9355  9323 0 0 0 0 0 0 0 0 0 0 0 0 0 0   224   224   224   224   224   224   224 10752 10267 10396 11254  9808  9352  9319     2    30    30    30    30    30    30    30    70    70    70    70    70    70    70 
10755 10265 10397 11254  9808  9353  9319 10749 10265 10395 11253  9808  9349  9318 0 0 0 0 0 0 0 0 0 0 0 0 0 0   224   224   224   224   224   224   224 10752 10267 10396 11253  9808  9352  9319     2    30    30    30    30    30    30    30    70    70    70    70    70    70    70 
10755 10265 10397 11254  9808  9353  9319 10751 10265 10401 11259  9816  9358  9317 0 0 0 0 0 0 0 0 0 0 0 0 0 0   224   224   224   224   224   224   224 10752 10267 10396 11254  9809  9352  9319     2    30    30    30    30    30    30    30    70    70    70    70    70    70    70 
10755 10265 10397 11254  9808  9353  9319 10754 10266 10400 11259  9817  9358  9320 0 0 0 0 0 0 0 0 0 0 0 0 0 0   224   224   224   224   224   224   224 10752 10267 10397 11254  9809  9352  9319     1    30    30    30    30    30    30    30    70    70    70    70    70    70    70 
10755 10265 10397 11254  9808  9353  9319 10748 10262 10394 11253  9812  9349  9312 0 0 0 0 0 0 0 0 0 0 0 0 0 0   224   224   224   224   224   224   224 10752 10266 10396 11254  9809  9352  9318     1    30    30    30    30    30    30    30    70    70    70    70    70    70    70 
10755 10265 10397 11254  9808  9353  9319 10755 10268 10398 11259  9812  9352  9318 0 0 0 0 0 0 0 0 0 0 0 0 0 0   224   224   224   224   224   224   224 10752 10266 10396 11254  9810  9352  9318     1    30    30    30    30    30    30    30    70    70    70    70    70    70    70 
10755 10265 10397 11254  9809  9353  9319 10756 10268 10400 11260  9811  9357  9321 0 0 0 0 0 0 0 0 0 0 0 0 0 0   224   224   224   224   224   224   224 10752 10266 10397 11255  9810  9352  9319     1    30    30    30    30    30    30    30    70    70    70    70    70    70    70 
10755 10265 10397 11254  9809  9353  9319 10748 10258 10391 11251  9802  9350  9314 0 0 0 0 0 0 0 0 0 0 0 0 0 0   224   224   224   224   224   224   224 10752 10266 10396 11254  9809  9352  9318     1    30    30    30    30    30    30    30    70    70    70    70    70    70    70 
10755 10265 10397 11254  9809  9353  9319 10753 10263 10400 11258  9814  9357  9328 0 0 0 0 0 0 0 0 0 0 0 0 0 0   224   224   224   224   224   224   224 10752 10266 10396 11255  9809  9352  9319     2    30    30    30    30    30    30    30    70    70    70    70    70    70    70 
10755 10265 10397 11254  9809  9353  9319 10749 10273 10404 11258  9815  9357  9322 0 0 0 0 0 0 0 0 0 0 0 0 0 0   224   224   224   224   224   224   224 10752 10266 10397 11255  9810  9353  9319     1    30    30    30    30    30    30    30    70    70    70    70    70    70    70 
10755 10265 10397 11254  9809  9353  9319 10754 10258 10393 11252  9805  9347  9318 0 0 0 0 0 0 0 0 0 0 0 0 0 0   224   224   224   224   224   224   224 10752 10266 10397 11255  9809  9352  9319     2    30    30    30    30    30    30    30    70    70    70    70    70    70    70 
10755 10265 10397 11254  9809  9353  9319 10755 10266 10399 11258  9817  9353  9321 0 0 0 0 0 0 0 0 0 0 0 0 0 0   224   224   224   224   224   224   224 10752 10266 10397 11255  9810  9352  9319     2    30    30    30    30    30    30    30    70    70    70    70    70    70    70 
10755 10265 10397 11254  9809  9353  9319 10751 10262 10397 11252  9817  9359  9323 0 0 0 0 0 0 0 0 0 0 0 0 0 0   224   224   224   224   224   224   224 10752 10265 10397 11255  9810  9353  9319     1    30    30    30    30    30    30    30    70    70    70    70    70    70    70 
10754 10265 10397 11254  9809  9353  9319 10746 10263 10393 11251  9805  9349  9314 0 0 0 0 0 0 0 0 0 0 0 0 0 0   224   224   224   224   224   224   224 10752 10265 10396 11254  9810  9352  9319     2    30    30    30    30    30    30    30    70    70    70    70    70    70    70 
10754 10265 10397 11254  9809  9353  9319 10759 10266 10398 11256  9812  9359  9320 0 0 0 0 0 0 0 0 0 0 0 0 0 0   224   224   224   224   224   224   224 10752 10265 10397 11254  9810  9353  9319     2    30    30    30    30    30    30    30    70    70    70    70    70    70    70 
10754 10265 10397 11254  9809  9353  9319 10748 10260 10392 11252  9804  9343  9320 0 0 0 0 0 0 0 0 0 0 0 0 0 0   224   224   224   224   224   224   224 10752 10265 10396 11254  9810  9352  9319     2    30    30    30    30    30    30    30    70    70    70    70    70    70    70 
10754 10265 10397 11254  9809  9353  9319 10750 10258 10390 11253  9808  9349  9321 0 0 0 0 0 0 0 0 0 0 0 0 0 0   224   224   224   224   224   224   224 10752 10264 10396 11254  9809  9352  9319     1    30    30    30    30    30    30    30    70    70    70    70    70    70    70 
10754 10265 10397 11254  9809  9353  9319 10755 10268 10396 11259  9814  9358  9322 0 0 0 0 0 0 0 0 0 0 0 0 0 0   224   224   224   224   224   224   224 10752 10265 10396 11254  9810  9352  9319     2    30    30    30    30    30    30    30    70    70    70    70    70    70    70 
10754 10265 10397 11254  9809  9353  9319 10746 10261 10389 11250  9808  9348  9313 0 0 0 0 0 0 0 0 0 0 0 0 0 0   224   224   224   224   224   224   224 10751 10264 10395 11254  9810  9352  9319     2    30    30    30    30    30    30    30    70    70    70    70    70    70    70 
10754 10265 10397 11254  9809  9353  9319 10748 10255 10391 11246  9805  9349  9312 0 0 0 0 0 0 0 0 0 0 0 0 0 0   224   224   224   224   224   224   224 10751 10264 10395 11253  9809  9352  9318     1    30    30    30    30    30    30    30    70    70    70    70    70    70    70 
10754 10265 10397 11254  9809  9353  9319 10753 10267 10403 11259  9814  9359  9319 0 0 0 0 0 0 0 0 0 0 0 0 0 0   224   224   224   224   224   224   224 10751 10264 10396 11254  9810  9352  9318     2    30    30    30    30    30    30    30    70    70    70    70    70    70    70 
10754 10265 10397 11254  9809  9353  9319 10746 10258 10389 11251  9807  9351  9316 0 0 0 0 0 0 0 0 0 0 0 0 0 0   224   224   224   224   224   224   224 10751 10263 10395 11254  9809  9352  9318     2    30    30    30    30    30    30    30    70    70    70    70    70    70    70 
10754 10265 10397 11254  9809  9353  9319 10755 10261 10392 11252  9805  9347  9315 0 0 0 0 0 0 0 0 0 0 0 0 0 0   224   224   224   224   224   224   224 10751 10263 10395 11253  9809  9352  9318     2    30    30    30    30    30    30    30    70    70    70    70    70    70    70 
10754 10265 10397 11254  9809  9353  9319 10758 10268 10398 11256  9809  9354  9320 0 0 0 0 0 0 0 0 0 0 0 0 0 0   224   224   224   224   224   224   224 10751 10264 10395 11254  9809  9352  9318     2    30    30    30    30    30    30    30    70    70    70    70    70    70    70 
10754 10265 10397 11254  9809  9353  9319 10748 10258 10393 11252  9806  9347  9318 0 0 0 0 0 0 0 0 0 0 0 0 0 0   224   224   224   224   224   224   224 10751 10263 10395 11253  9809  9352  9318     2    30    30    30    30    30    30    30    70    70    70    70    70    70    70 
10754 10265 10397 11254  9809  9353  9319 10754 10266 10399 11259  9806  9349  9314 0 0 0 0 0 0 0 0 0 0 0 0 0 0   224   224   224   224   224   224   224 10751 10263 10395 11254  9809  9351  9318     2    30    30    30    30    30    30    30    70    70    70    70    70    70    70 
10754 10265 10397 11254  9809  9353  9319 10757 10270 10400 11258  9813  9354  9326 0 0 0 0 0 0 0 0 0 0 0 0 0 0   224   224   224   224   224   224   224 10752 10264 10395 11254  9809  9351  9318     2    30    30    30    30    30    30    30    70    70    70    70    70    70    70 
10754 10265 10397 11254  9809  9353  9319 10746 10261 10395 11251  9806  9349  9316 0 0 0 0 0 0 0 0 0 0 0 0 0 0   224   224   224   224   224   224   224 10751 10264 10395 11254  9809  9351  9318     2    30    30    30    30    30    30    30    70    70    70    70    70    70    70 
10754 10265 10397 11254  9809  9353  9319 10755 10266 10397 11259  9813  9356  9326 0 0 0 0 0 0 0 0 0 0 0 0 0 0   224   224   224   224   224   224   224 10752 10264 10395 11254  9809  9352  9318     2    30    30    30    30    30    30    30    70    70    70    70    70    70    70 
10754 10265 10397 11254  9809  9353  9319 10752 10265 10401 11258  9811  9357  9323 0 0 0 0 0 0 0 0 0 0 0 0 0 0   224   224   224   224   224   224   224 10752 10264 10396 11254  9809  9352  9319     2    30    30    30    30    30    30    30    70    70    70    70    70    70    70 
10754 10265 10397 11254  9809  9353  9319 10750 10259 10389 11250  9806  9349  9316 0 0 0 0 0 0 0 0 0 0 0 0 0 0   224   224   224   224   224   224   224 10751 10263 10395 11254  9809  9352  9319     2    30    30    30    30    30    30    30    70    70    70    70    70    70    70 
10754 10265 10397 11254  9809  9353  9319 10757 10268 10400 11257  9812  9359  9322 0 0 0 0 0 0 0 0 0 0 0 0 0 0   224   224   224   224   224   224   224 10752 10264 10396 11254  9809  9352  9319     2    30    30    30    30    30    30    30    70    70    70    70    70    70    70 
10754 10265 10397 11254  9809  9353  9319 10756 10266 10401 11259  9813  9357  9325 0 0 0 0 0 0 0 0 0 0 0 0 0 0   224   224   224   224   224   224   224 10752 10264 10396 11254  9809  9352  9319     1    30    30    30    30    30    30    30    70    70    70    70    70    70    70 
10754 10265 10397 11254  9809  9353  9319 10746 10258 10392 11248  9806  9348  9313 0 0 0 0 0 0 0 0 0 0 0 0 0 0   224   224   224   224   224   224   224 10752 10263 10396 11254  9809  9352  9319     2    30    30    30    30    30    30    30    70    70    70    70    70    70    70 
10754 10265 10397 11254  9809  9353  9319 10753 10268 10399 11258  9815  9356  9326 0 0 0 0 0 0 0 0 0 0 0 0 0 0   224   224   224   224   224   224   224 10752 10264 10396 11254  9809  9352  9319     2    30    30    30    30    30    30    30    70    70    70    70    70    70    70 
10754 10265 10397 11254  9809  9353  9319 10749 10258 10404 11259  9810  9354  9323 0 0 0 0 0 0 0 0 0 0 0 0 0 0   224   224   224   224   224   224   224 10751 10263 10396 11254  9809  9352  9319     2    30    30    30    30    30    30    30    70    70    70    70    70    70    70 
10754 10265 10397 11254  9809  9353  9319 10747 10259 10396 11252  9807  9349  9314 0 0 0 0 0 0 0 0 0 0 0 0 0 0   224   224   224   224   224   224   224 10751 10263 10396 11254  9809  9352  9319     2    30    30    30    30    30    30    30    70    70    70    70    70    70    70 
10754 10265 10397 11254  9809  9353  9319 10755 10267 10397 11257  9810  9356  9322 0 0 0 0 0 0 0 0 0 0 0 0 0 0   224   224   224   224   224   224   224 10751 10263 10396 11254  9809  9352  9319     2    30    30    30    30    30    30    30    70    70    70    70    70    70    70 
10754 10265 10397 11254  9809  9353  9319 10747 10259 10394 11251  9804  9358  9324 0 0 0 0 0 0 0 0 0 0 0 0 0 0   224   224   224   224   224   224   224 10751 10263 10396 11254  9809  9353  9319     2    30    30    30    30    30    30    30    70    70    70    70    70    70    70 
10754 10265 10397 11254  9809  9353  9319 10746 10261 10391 11251  9804  9346  9316 0 0 0 0 0 0 0 0 0 0 0 0 0 0   224   224   224   224   224   224   224 10751 10263 10396 11254  9808  9352  9319     2    30    30    30    30    30    30    30    70    70    70    70    70    70    70 
10754 10265 10397 11254  9809  9353  9319 10752 10265 10400 11260  9816  9359  9324 0 0 0 0 0 0 0 0 0 0 0 0 0 0   224   224   224   224   224   224   224 10751 10263 10396 11254  9809  9353  9319     2    30    30    30    30    30    30    30    70    70    70    70    70    70    70 
10754 10264 10397 11254  9809  9353  9319 10748 10259 10391 11251  9805  9348  9318 0 0 0 0 0 0 0 0 0 0 0 0 0 0   224   224   224   224   224   224   224 10751 10263 10396 11254  9809  9352  9319     2    30    30    30    30    30    30    30    70    70    70    70    70    70    70 
10754 10264 10397 11254  9809  9353  9319 10749 10262 10392 11252  9806  9351  9315 0 0 0 0 0 0 0 0 0 0 0 0 0 0   224   224   224   224   224   224   224 10750 10262 10395 11254  9808  9352  9319     2    30    30    30    30    30    30    30    70    70    70    70    70    70    70 
10754 10264 10397 11254  9809  9353  9319 10756 10269 10398 11258  9813  9357  9321 0 0 0 0 0 0 0 0 0 0 0 0 0 0   224   224   224   224   224   224   224 10751 10263 10395 11254  9809  9352  9319     2    30    30    30    30    30    30    30    70    70    70    70    70    70    70 
10754 10264 10397 11254  9809  9353  9319 10749 10260 10392 11248  9808  9350  9317 0 0 0 0 0 0 0 0 0 0 0 0 0 0   224   224   224   224   224   224   224 10751 10263 10395 11254  9809  9352  9319     2    30    30    30    30    30    30    30    70    70    70    70    70    70    70 
10753 10264 10397 11254  9809  9353  9319 10746 10257 10395 11251  9805  9345  9315 0 0 0 0 0 0 0 0 0 0 0 0 0 0   224   224   224   224   224   224   224 10750 10262 10395 11254  9808  9352  9319     2    30    30    30    30    30    30    30    70    70    70    70    70    70    70 
10753 10264 10397 11254  9809  9353  9319 10753 10265 10402 11260  9815  9356  9324 0 0 0 0 0 0 0 0 0 0 0 0 0 0   224   224   224   224   224   224   224 10750 10262 10396 11254  9809  9352  9319     2    30    30    30    30    30    30    30    70    70    70    70    70    70    70 
10753 10264 10397 11254  9809  9353  9319 10747 10257 10395 11251  9808  9348  9314 0 0 0 0 0 0 0 0 0 0 0 0 0 0   224   224   224   224   224   224   224 10750 10262 10395 11254  9809  9352  9319     2    30    30    30    30    30    30    30    70    70    70    70    70    70    70 
10753 10264 10397 11254  9809  9353  9319 10755 10266 10392 11249  9806  9349  9316 0 0 0 0 0 0 0 0 0 0 0 0 0 0   224   224   224   224   224   224   224 10750 10262 10395 11253  9808  9352  9318     2    30    30    30    30    30    30    30    70    70    70    70    70    70    70 
10753 10264 10397 11254  9809  9353  9319 10754 10264 10398 11261  9812  9354  9322 0 0 0 0 0 0 0 0 0 0 0 0 0 0   224   224   224   224   224   224   224 10751 10262 10395 11254  9809  9352  9319     2    30    30    30    30    30    30    30    70    70    70    70    70    70    70 
10753 10264 10397 11254  9809  9353  9319 10753 10258 10392 11252  9808  9350  9317 0 0 0 0 0 0 0 0 0 0 0 0 0 0   224   224   224   224   224   224   224 10751 10262 10395 11254  9809  9352  9318     2    30    30    30    30    30    30    30    70    70    70    70    70    70    70 
10753 10264 10397 11254  9809  9353  9319 10755 10267 10397 11257  9814  9349  9316 0 0 0 0 0 0 0 0 0 0 0 0 0 0   224   224   224   224   224   224   224 10751 10262 10395 11254  9809  9351  9318     2    30    30    30    30    30    30    30    70    70    70    70    70    70    70 
10753 10264 10397 11254  9809  9353  9319 10758 10264 10397 11257  9815  9359  9326 0 0 0 0 0 0 0 0 0 0 0 0 0 0   224   224   224   224   224   224   224 10751 10262 10395 11254  9809  9352  9319     1    30    30    30    30    30    30    30    70    70    70    70    70    70    70 
10753 10264 10397 11254  9809  9353  9319 10746 10264 10391 11253  9807  9347  9316 0 0 0 0 0 0 0 0 0 0 0 0 0 0   224   224   224   224   224   224   224 10751 10262 10395 11254  9809  9351  9319     2    30    30    30    30    30    30    30    70    70    70    70    70    70    70 
10753 10264 10397 11254  9809  9353  9319 10750 10266 10400 11260  9813  9355  9326 0 0 0 0 0 0 0 0 0 0 0 0 0 0   224   224   224   224   224   224   224 10751 10263 10395 11254  9809  9352  9319     2    30    30    30    30    30    30    30    70    70    70    70    70    70    70 
10753 10264 10397 11254  9809  9353  9319 10756 10268 10396 11258  9811  9355  9322 0 0 0 0 0 0 0 0 0 0 0 0 0 0   224   224   224   224   224   224   224 10751 10263 10395 11254  9809  9352  9319     1    30    30    30    30    30    30    30    70    70    70    70    70    70    70 
10753 10264 10397 11254  9809  9353  9319 10754 10257 10396 11253  9806  9350  9315 0 0 0 0 0 0 0 0 0 0 0 0 0 0   224   224   224   224   224   224   224 10751 10263 10395 11254  9809  9352  9319     1    30    30    30    30    30    30    30    70    70    70    70    70    70    70 
10753 10264 10397 11254  9809  9353  9319 10751 10264 10394 11259  9811  9356  9325 0 0 0 0 0 0 0 0 0 0 0 0 0 0   224   224   224   224   224   224   224 10751 10263 10395 11255  9809  9352  9319     1    30    30    30    30    30    30    30    70    70    70    70    70    70    70 
10753 10264 10397 11254  9809  9353  9319 10760 10267 10398 11259  9810  9360  9322 0 0 0 0 0 0 0 0 0 0 0 0 0 0   224   224   224   224   224   224   224 10752 10263 10395 11255  9809  9352  9319     1    30    30    30    30    30    30    30    70    70    70    70    70    70    70 
10753 10264 10397 11254  9809  9353  9319 10752 10262 10384 11252  9805  9348  9318 0 0 0 0 0 0 0 0 0 0 0 0 0 0   224   224   224   224   224   224   224 10752 10263 10395 11255  9809  9352  9319     1    30    30    30    30    30    30    30    70    70    70    70    70    70    70 
10753 10264 10397 11254  9809  9353  9319 10757 10265 10396 11257  9815  9356  9324 0 0 0 0 0 0 0 0 0 0 0 0 0 0   224   224   224   224   224   224   224 10752 10263 10395 11255  9809  9352  9319     2    30    30    30    30    30    30    30    70    70    70    70    70    70    70 
10753 10264 10397 11254  9809  9353  9319 10747 10251 10391 11259  9813  9355  9322 0 0 0 0 0 0 0 0 0 0 0 0 0 0   224   224   224   224   224   224   224 10752 10262 10394 11255  9809  9352  9320     2    30    30    30    30    30    30    30    70    70    70    70    70    70    70 
10753 10264 10397 11254  9809  9353  9319 10750 10253 10394 11253  9808  9347  9314 0 0 0 0 0 0 0 0 0 0 0 0 0 0   224   224   224   224   224   224   224 10752 10261 10394 11255  9809  9352  9319     1    30    30    30    30    30    30    30    70    70    70    70    70    70    70 
10753 10264 10397 11254  9809  9353  9319 10752 10267 10401 11258  9812  9356  9321 0 0 0 0 0 0 0 0 0 0 0 0 0 0   224   224   224   224   224   224   224 10752 10262 10395 11255  9809  9352  9319     2    30    30    30    30    30    30    30    70    70    70    70    70    70    70 
10753 10264 10397 11254  9809  9353  9319 10749 10260 10386 11253  9806  9346  9326 0 0 0 0 0 0 0 0 0 0 0 0 0 0   224   224   224   224   224   224   224 10751 10262 10394 11255  9809  9352  9320     2    30    30    30    30    30    30    30    70    70    70    70    70    70    70 
10753 10264 10396 11254  9809  9353  9319 10748 10264 10392 11251  9806  9351  9313 0 0 0 0 0 0 0 0 0 0 0 0 0 0   224   224   224   224   224   224   224 10751 10262 10394 11255  9809  9352  9319     2    30    30    30    30    30    30    30    70    70    70    70    70    70    70 
10753 10264 10396 11254  9809  9353  9319 10753 10257 10395 11259  9811  9354  9324 0 0 0 0 0 0 0 0 0 0 0 0 0 0   224   224   224   224   224   224   224 10751 10261 10394 11255  9809  9352  9320     2    30    30    30    30    30    30    30    70    70    70    70    70    70    70 
10753 10264 10396 11254  9809  9353  9319 10749 10257 10393 11251  9809  9349  9316 0 0 0 0 0 0 0 0 0 0 0 0 0 0   224   224   224   224   224   224   224 10751 10261 10394 11255  9809  9352  9319     2    30    30    30    30    30    30    30    70    70    70    70    70    70    70 
10753 10264 10396 11254  9809  9353  9319 10751 10255 10391 11251  9810  9349  9315 0 0 0 0 0 0 0 0 0 0 0 0 0 0   224   224   224   224   224   224   224 10751 10261 10394 11254  9809  9351  9319     1    30    30    30    30    30    30    30    70    70    70    70    70    70    70 
10753 10264 10396 11254  9809  9353  9319 10753 10275 10398 11255  9813  9355  9324 0 0 0 0 0 0 0 0 0 0 0 0 0 0   224   224   224   224   224   224   224 10751 10262 10394 11254  9809  9352  9319     1    30    30    30    30    30    30    30    70    70    70    70    70    70    70 
10753 10264 10396 11254  9809  9353  9319 10752 10261 10384 11249  9805  9347  9315 0 0 0 0 0 0 0 0 0 0 0 0 0 0   224   224   224   224   224   224   224 10751 10262 10393 11254  9809  9351  9319     2    30    30    30    30    30    30    30    70    70    70    70    70    70    70 
10753 10264 10396 11254  9809  9353  9319 10746 10262 10391 11251  9806  9345  9318 0 0 0 0 0 0 0 0 0 0 0 0 0 0   224   224   224   224   224   224   224 10751 10262 10393 11254  9809  9351  9319     1    30    30    30    30    30    30    30    70    70    70    70    70    70    70 
10753 10264 10396 11254  9809  9353  9319 10746 10267 10405 11255  9813  9356  9319 0 0 0 0 0 0 0 0 0 0 0 0 0 0   224   224   224   224   224   224   224 10750 10262 10394 11254  9809  9351  9319     1    30    30    30    30    30    30    30    70    70    70    70    70    70    70 
10753 10264 10396 11254  9809  9353  9319 10747 10253 10401 11251  9805  9347  9317 0 0 0 0 0 0 0 0 0 0 0 0 0 0   224   224   224   224   224   224   224 10750 10261 10394 11254  9809  9351  9319     1    30    30    30    30    30    30    30    70    70    70    70    70    70    70 
10753 10264 10396 11254  9809  9353  9319 10758 10271 10396 11253  9808  9351  9316 0 0 0 0 0 0 0 0 0 0 0 0 0 0   224   224   224   224   224   224   224 10751 10262 10394 11254  9809  9351  9318     2    30    30    30    30    30    30    30    70    70    70    70    70    70    70 
10753 10264 10396 11254  9809  9353  9319 10753 10265 10397 11257  9809  9353  9320 0 0 0 0 0 0 0 0 0 0 0 0 0 0   224   224   224   224   224   224   224 10751 10262 10394 11254  9809  9351  9319     1    30    30    30    30    30    30    30    70    70    70    70    70    70    70 
10753 10264 10396 11254  9809  9353  9319 10752 10259 10388 11249  9806  9345  9315 0 0 0 0 0 0 0 0 0 0 0 0 0 0   224   224   224   224   224   224   224 10751 10262 10394 11253  9808  9351  9318     1    30    30    30    30    30    30    30    70    70    70    70    70    70    70 
10753 10264 10396 11254  9809  9353  9319 10754 10264 10401 11258  9814  9355  9314 0 0 0 0 0 0 0 0 0 0 0 0 0 0   224   224   224   224   224   224   224 10751 10262 10394 11254  9809  9351  9318     1    30    30    30    30    30    30    30    70    70    70    70    70    70    70 
10753 10264 10396 11254  9809  9353  9319 10755 10264 10404 11256  9812  9355  9321 0 0 0 0 0 0 0 0 0 0 0 0 0 0   224   224   224   224   224   224   224 10751 10262 10395 11254  9809  9351  9318     1    30    30    30    30    30    30    30    70    70    70    70    70    70    70 
