
[09:46:31.274]ÊÕ¡û¡ô10786 10267 10404 11265  9819  9383  9410 10793 13475 10391 11258  9808  9351  9306 0 1 0 0 0 0 0 0 1 0 0 0 0 0   224   224   224   224   224   224   224 10784 10280 10402 11265  9817  9380  9399     7    30    30    30    30    30    30    30    70    70    70    70    70    70    70 
10786 10267 10404 11265  9819  9383  9410 10787 13742 10402 11257  9815  9358  9313 0 1 0 0 0 0 0 0 1 0 0 0 0 0   224   224   224   224   224   224   224 10784 10494 10402 11264  9817  9379  9394     8    30    30    30    30    30    30    30    70    70    70    70    70    70    70 
10786 10267 10404 11265  9818  9383  9410 10783 12108 10391 11249  9810  9354  9306 0 1 0 0 0 0 0 0 1 0 0 0 0 0   224   224   224   224   224   224   224 10784 10683 10401 11263  9817  9377  9388    12    30    30    30    30    30    30    30    70    70    70    70    70    70    70 
10786 10267 10404 11265  9818  9383  9410 10784 10405 10403 11259  9814  9355  9309 0 1 0 0 0 0 0 0 1 0 0 0 0 0   224   224   224   224   224   224   224 10784 10758 10401 11263  9817  9376  9383    15    30    30    30    30    30    30    30    70    70    70    70    70    70    70 
10786 10267 10404 11265  9818  9383  9410 10789 10316 10404 11257  9811  9362  9318 0 1 0 0 0 0 0 0 1 0 0 0 0 0   224   224   224   224   224   224   224 10784 10730 10401 11263  9816  9375  9379    14    30    30    30    30    30    30    30    70    70    70    70    70    70    70 
10786 10267 10404 11265  9818  9382  9410 10777 10289 10394 11257  9807  9352  9302 0 1 0 0 0 0 0 0 1 0 0 0 0 0   224   224   224   224   224   224   224 10784 10703 10401 11262  9816  9373  9374    13    30    30    30    30    30    30    30    70    70    70    70    70    70    70 
10786 10267 10404 11265  9818  9382  9409 10785 10289 10407 11259  9816  9361  9316 0 1 0 0 0 0 0 0 1 0 0 0 0 0   224   224   224   224   224   224   224 10784 10677 10401 11262  9816  9373  9371    12    30    30    30    30    30    30    30    70    70    70    70    70    70    70 
10786 10267 10404 11265  9818  9382  9409 10780 10288 10399 11264  9812  9355  9313 0 1 0 0 0 0 0 0 1 0 0 0 0 0   224   224   224   224   224   224   224 10784 10652 10401 11262  9815  9371  9367    10    30    30    30    30    30    30    30    70    70    70    70    70    70    70 
10785 10267 10403 11265  9818  9382  9409 10809 10278 10401 11261  9808  9358  9309 0 1 0 0 0 0 0 0 1 0 0 0 0 0   224   224   224   224   224   224   224 10785 10629 10401 11262  9815  9371  9363     9    30    30    30    30    30    30    30    70    70    70    70    70    70    70 
10785 10267 10403 11265  9818  9382  9409 10888 10290 10411 11259  9813  9362  9315 0 1 0 0 0 0 0 0 1 0 0 0 0 0   224   224   224   224   224   224   224 10792 10608 10402 11262  9815  9370  9360     9    30    30    30    30    30    30    30    70    70    70    70    70    70    70 
10785 10267 10403 11265  9818  9382  9409 12207 10297 10419 11262  9814  9360  9310 0 1 0 0 0 0 0 0 1 0 0 0 0 0   224   224   224   224   224   224   224 10812 10588 10403 11262  9815  9369  9357    12    30    30    30    30    30    30    30    70    70    70    70    70    70    70 
10785 10267 10403 11265  9818  9382  9409 13141 10288 10400 11252  9807  9351  9309 0 1 0 0 0 0 0 0 1 0 0 0 0 0   224   224   224   224   224   224   224 10913 10569 10403 11261  9814  9368  9354    16    30    30    30    30    30    30    30    70    70    70    70    70    70    70 
10785 10267 10403 11265  9818  9382  9409 13728 10296 10410 11261  9815  9359  9314 1 1 0 0 0 0 0 0 1 0 0 0 0 0   224   224   224   224   224   224   224 11066 10552 10403 11261  9814  9368  9352    19    30    30    30    30    30    30    30    70    70    70    70    70    70    70 
10785 10267 10403 11265  9817  9382  9409 13850 10287 10406 11257  9817  9362  9314 1 1 0 0 0 0 0 0 1 0 0 0 0 0   224   224   224   224   224   224   224 11240 10536 10403 11261  9814  9367  9349    17    30    30    30    30    30    30    30    70    70    70    70    70    70    70 
10785 10267 10403 11265  9817  9382  9409 13576 10292 10399 11251  9807  9351  9310 1 1 0 0 0 0 0 0 1 0 0 0 0 0   224   224   224   224   224   224   224 11389 10520 10403 11260  9814  9366  9347    18    30    30    30    30    30    30    30    70    70    70    70    70    70    70 
10785 10267 10403 11264  9817  9382  9409 11586 10297 10408 11262  9817  9366  9310 1 1 0 0 0 0 0 0 1 0 0 0 0 0   224   224   224   224   224   224   224 11512 10506 10403 11260  9814  9366  9344    20    30    30    30    30    30    30    30    70    70    70    70    70    70    70 
10785 10267 10403 11264  9817  9381  9409 10896 10287 10412 11256  9813  9356  9302 1 1 0 0 0 0 0 0 1 0 0 0 0 0   224   224   224   224   224   224   224 11502 10493 10404 11260  9814  9365  9342    22    30    30    30    30    30    30    30    70    70    70    70    70    70    70 
10785 10267 10403 11264  9817  9381  9408 10833 10291 10397 11251  9804  9355  9309 1 1 0 0 0 0 0 0 1 0 0 0 0 0   224   224   224   224   224   224   224 11460 10480 10403 11259  9813  9365  9340    20    30    30    30    30    30    30    30    70    70    70    70    70    70    70 
10785 10267 10403 11264  9817  9381  9408 10819 10286 10405 11262  9815  9362  9316 1 1 0 0 0 0 0 0 1 0 0 0 0 0   224   224   224   224   224   224   224 11420 10468 10403 11259  9813  9365  9338    18    30    30    30    30    30    30    30    70    70    70    70    70    70    70 
10785 10267 10403 11264  9817  9381  9408 10788 10287 10402 11258  9807  9352  9308 1 1 0 0 0 0 0 0 1 0 0 0 0 0   224   224   224   224   224   224   224 11381 10457 10403 11259  9813  9364  9336    16    30    30    30    30    30    30    30    70    70    70    70    70    70    70 
10785 10267 10403 11264  9817  9381  9408 10786 10287 10400 11258  9809  9355  9310 1 1 0 0 0 0 0 0 1 0 0 0 0 0   224   224   224   224   224   224   224 11344 10446 10403 11259  9813  9363  9335    14    30    30    30    30    30    30    30    70    70    70    70    70    70    70 
10785 10267 10403 11264  9817  9381  9408 10781 10288 10405 11262  9815  9360  9311 1 1 0 0 0 0 0 0 1 0 0 0 0 0   224   224   224   224   224   224   224 11308 10436 10403 11259  9813  9363  9333    13    30    30    30    30    30    30    30    70    70    70    70    70    70    70 
10785 10267 10403 11264  9817  9381  9408 10770 10284 10396 11255  9810  9354  9306 1 1 0 0 0 0 0 0 1 0 0 0 0 0   224   224   224   224   224   224   224 11275 10427 10403 11259  9813  9362  9331    11    30    30    30    30    30    30    30    70    70    70    70    70    70    70 
10785 10267 10403 11264  9817  9381  9408 10783 10288 10401 11256  9810  9359  9310 1 1 0 0 0 0 0 0 1 0 0 0 0 0   224   224   224   224   224   224   224 11244 10418 10402 11259  9812  9362  9330    10    30    30    30    30    30    30    30    70    70    70    70    70    70    70 
10785 10267 10403 11264  9816  9381  9408 10776 10294 10399 11261  9816  9364  9312 1 1 0 0 0 0 0 0 1 0 0 0 0 0   224   224   224   224   224   224   224 11215 10410 10402 11259  9813  9362  9329     9    30    30    30    30    30    30    30    70    70    70    70    70    70    70 
10785 10267 10403 11264  9816  9381  9408 10768 10286 10398 11255  9810  9357  9304 1 1 0 0 0 0 0 0 1 0 0 0 0 0   224   224   224   224   224   224   224 11187 10402 10402 11259  9812  9362  9327     8    30    30    30    30    30    30    30    70    70    70    70    70    70    70 
10785 10267 10403 11263  9816  9381  9408 10774 10297 10401 11260  9814  9364  9313 1 1 0 0 0 0 0 1 1 0 0 0 0 0   224   224   224   224   224   224   224 11161 10396 10402 11259  9812  9362  9326     7    30    30    30    30    30    30    30    70    70    70    70    70    70    70 \010785 10267 10403 11263  9816  9380  9408 10775 10302 10402 11262  9815  9364  9314 1 1 0 0 0 0 0 1 1 0 0 0 0 0   224   224   224   224   224   224   224 11137 10390 10402 11259  9813  9362  9325     6    30    30    30    30    30    30    30    70    70    70    70    70    70    70 \010785 10267 10403 11263  9816  9380  9407 10766 10303 10400 11254  9806  9353  9312 1 1 0 0 0 0 0 1 1 0 0 0 0 0   224   224   224   224   224   224   224 11114 10384 10402 11259  9812  9361  9325     6    30    30    30    30    30    30    30    70    70    70    70    70    70    70 \010785 10267 10403 11263  9816  9380  9407 10772 10311 10400 11261  9813  9364  9314 1 1 0 0 0 0 0 1 1 0 0 0 0 0   224   224   224   224   224   224   224 11092 10380 10402 11259  9812  9362  9324     5    30    30    30    30    30    30    30    70    70    70    70    70    70    70 \010785 10267 10403 11263  9816  9380  9407 10776 10311 10403 11263  9814  9361  9315 1 1 0 0 0 0 0 1 1 0 0 0 0 0   224   224   224   224   224   224   224 11072 10375 10402 11259  9812  9361  9323     5    30    30    30    30    30    30    30    70    70    70    70    70    70    70 \010785 10267 10403 11263  9816  9380  9407 10764 10300 10391 11256  9804  9355  9306 1 0 0 0 0 0 0 1 1 0 0 0 0 0   224   224   224   224   224   224   224 11053 10371 10401 11259  9812  9361  9322     4    30    30    30    30    30    30    30    70    70    70    70    70    70    70 \010785 10267 10403 11263  9816  9380  9407 10774 10309 10399 11262  9818  9364  9315 1 0 0 0 0 0 0 1 1 0 0 0 0 0   224   224   224   224   224   224   224 11036 10367 10401 11259  9812  9361  9322     4    30    30    30    30    30    30    30    70    70    70    70    70    70    70 \010785 10267 10402 11263  9816  9380  9407 10769 10306 10408 11261  9814  9361  9313 1 0 0 0 0 0 0 1 1 0 0 0 0 0   224   224   224   224   224   224   224 11019 10363 10401 11259  9812  9361  9321     4    30    30    30    30    30    30    30    70    70    70    70    70    70    70 \010785 10267 10402 11263  9816  9380  9407 10765 10315 10402 11254  9808  9353  9307 1 0 0 0 0 0 0 1 1 0 0 0 0 0   224   224   224   224   224   224   224 11003 10360 10401 11259  9812  9361  9320     4    30    30    30    30    30    30    30    70    70    70    70    70    70    70 \010785 10267 10402 11263  9815  9380  9407 10777 10317 10403 11259  9812  9360  9314 0 0 0 0 0 0 0 0 0 0 0 0 0 0   224   224   224   224   224   224   224 10989 10357 10401 11259  9812  9361  9320     3    30    30    30    30    30    30    30    70    70    70    70    70    70    70 
10785 10267 10402 11263  9815  9380  9407 10770 10316 10394 11260  9812  9370  9317 0 0 0 0 0 0 0 0 0 0 0 0 0 0   224   224   224   224   224   224   224 10975 10355 10401 11259  9812  9361  9320     3    30    30    30    30    30    30    30    70    70    70    70    70    70    70 
10785 10268 10402 11262  9815  9380  9407 10771 10299 10395 11257  9810  9355  9309 0 0 0 0 0 0 0 0 0 0 0 0 0 0   224   224   224   224   224   224   224 10962 10351 10400 11259  9812  9361  9319     3    30    30    30    30    30    30    30    70    70    70    70    70    70    70 
10785 10268 10402 11262  9815  9361  9407 10767 10304 10404 11264  9812  9363  9317 0 0 0 0 0 0 0 0 0 0 0 0 0 0   224   224   224   224   224   224   224 10950 10348 10401 11259  9812  9361  9319     3    30    30    30    30    30    30    30    70    70    70    70    70    70    70 
10785 10268 10402 11262  9815  9361  9318 10762 10287 10397 11256  9808  9356  9310 0 0 0 0 0 0 0 0 0 0 0 0 0 0   224   224   224   224   224   224   224 10938 10344 10400 11259  9811  9360  9318     3    30    30    30    30    30    30    30    70    70    70    70    70    70    70 
10785 10268 10402 11262  9815  9361  9318 10764 10284 10395 11254  9809  9355  9307 0 0 0 0 0 0 0 0 0 0 0 0 0 0   224   224   224   224   224   224   224 10927 10340 10400 11258  9811  9360  9317     2    30    30    30    30    30    30    30    70    70    70    70    70    70    70 
10785 10268 10402 11262  9815  9361  9318 10769 10286 10402 11262  9816  9361  9316 0 0 0 0 0 0 0 0 0 0 0 0 0 0   224   224   224   224   224   224   224 10917 10337 10400 11259  9811  9360  9317     2    30    30    30    30    30    30    30    70    70    70    70    70    70    70 
10785 10268 10402 11262  9815  9361  9318 10755 10286 10396 11254  9807  9356  9305 0 0 0 0 0 0 0 0 0 0 0 0 0 0   224   224   224   224   224   224   224 10907 10334 10400 11258  9811  9360  9317     2    30    30    30    30    30    30    30    70    70    70    70    70    70    70 
10785 10268 10402 11262  9815  9361  9318 10766 10282 10390 11256  9809  9356  9310 0 0 0 0 0 0 0 0 0 0 0 0 0 0   224   224   224   224   224   224   224 10898 10331 10399 11258  9811  9360  9316     2    30    30    30    30    30    30    30    70    70    70    70    70    70    70 
10785 10268 10402 11262  9815  9361  9318 10776 10293 10402 11261  9813  9362  9316 0 0 0 0 0 0 0 0 0 0 0 0 0 0   224   224   224   224   224   224   224 10891 10328 10399 11258  9811  9360  9316     2    30    30    30    30    30    30    30    70    70    70    70    70    70    70 
10785 10268 10402 11262  9815  9361  9318 10765 10278 10399 11255  9807  9356  9312 0 0 0 0 0 0 0 0 0 0 0 0 0 0   224   224   224   224   224   224   224 10883 10325 10399 11258  9811  9359  9316     2    30    30    30    30    30    30    30    70    70    70    70    70    70    70 
10785 10268 10402 11262  9815  9361  9318 10766 10292 10408 11256  9809  9356  9308 0 0 0 0 0 0 0 0 0 0 0 0 0 0   224   224   224   224   224   224   224 10876 10323 10400 11258  9811  9359  9315     2    30    30    30    30    30    30    30    70    70    70    70    70    70    70 
10785 10268 10402 11262  9815  9361  9318 10769 10288 10401 11262  9816  9361  9315 0 0 0 0 0 0 0 0 0 0 0 0 0 0   224   224   224   224   224   224   224 10869 10321 10400 11258  9811  9359  9315     2    30    30    30    30    30    30    30    70    70    70    70    70    70    70 
10784 10269 10402 11262  9815  9361  9318 10765 10280 10394 11258  9809  9353  9307 0 0 0 0 0 0 0 0 0 0 0 0 0 0   224   224   224   224   224   224   224 10862 10318 10399 11258  9811  9359  9315     2    30    30    30    30    30    30    30    70    70    70    70    70    70    70 
10784 10269 10402 11262  9815  9361  9318 10774 10285 10401 11259  9815  9362  9310 0 0 0 0 0 0 0 0 0 0 0 0 0 0   224   224   224   224   224   224   224 10857 10316 10399 11258  9811  9359  9314     2    30    30    30    30    30    30    30    70    70    70    70    70    70    70 
10784 10269 10402 11262  9815  9361  9318 10774 10284 10404 11262  9822  9362  9318 0 0 0 0 0 0 0 0 0 0 0 0 0 0   224   224   224   224   224   224   224 10852 10314 10400 11258  9812  9359  9315     2    30    30    30    30    30    30    30    70    70    70    70    70    70    70 
10784 10269 10402 11262  9815  9361  9317 10755 10268 10396 11258  9807  9354  9309 0 0 0 0 0 0 0 0 0 0 0 0 0 0   224   224   224   224   224   224   224 10845 10311 10399 11258  9811  9359  9314     2    30    30    30    30    30    30    30    70    70    70    70    70    70    70 
10784 10269 10402 11262  9815  9361  9317 10764 10271 10404 11262  9814  9364  9315 0 0 0 0 0 0 0 0 0 0 0 0 0 0   224   224   224   224   224   224   224 10840 10309 10400 11258  9811  9359  9314     2    30    30    30    30    30    30    30    70    70    70    70    70    70    70 
10784 10269 10402 11262  9815  9361  9317 10758 10273 10406 11263  9816  9362  9315 0 0 0 0 0 0 0 0 0 0 0 0 0 0   224   224   224   224   224   224   224 10835 10306 10400 11259  9812  9359  9314     2    30    30    30    30    30    30    30    70    70    70    70    70    70    70 
10784 10269 10402 11262  9815  9361  9317 10747 10264 10396 11257  9809  9355  9309 0 0 0 0 0 0 0 0 0 0 0 0 0 0   224   224   224   224   224   224   224 10830 10304 10400 11259  9812  9359  9314     2    30    30    30    30    30    30    30    70    70    70    70    70    70    70 
10784 10269 10402 11262  9814  9361  9317 10759 10268 10396 11262  9812  9365  9315 0 0 0 0 0 0 0 0 0 0 0 0 0 0   224   224   224   224   224   224   224 10825 10301 10400 11259  9812  9359  9314     2    30    30    30    30    30    30    30    70    70    70    70    70    70    70 
10784 10269 10402 11262  9814  9361  9317 10769 10271 10402 11261  9813  9363  9316 0 0 0 0 0 0 0 0 0 0 0 0 0 0   224   224   224   224   224   224   224 10822 10299 10400 11259  9812  9360  9314     2    30    30    30    30    30    30    30    70    70    70    70    70    70    70 
10784 10269 10402 11261  9814  9361  9317 10761 10258 10399 11257  9806  9354  9309 0 0 0 0 0 0 0 0 0 0 0 0 0 0   224   224   224   224   224   224   224 10818 10297 10400 11259  9811  9359  9314     2    30    30    30    30    30    30    30    70    70    70    70    70    70    70 
10784 10269 10402 11261  9814  9361  9317 10768 10268 10405 11263  9815  9362  9316 0 0 0 0 0 0 0 0 0 0 0 0 0 0   224   224   224   224   224   224   224 10815 10295 10400 11259  9811  9359  9314     2    30    30    30    30    30    30    30    70    70    70    70    70    70    70 
10783 10269 10402 11261  9814  9361  9317 10756 10264 10392 11263  9814  9360  9314 0 0 0 0 0 0 0 0 0 0 0 0 0 0   224   224   224   224   224   224   224 10811 10293 10399 11259  9812  9359  9314     2    30    30    30    30    30    30    30    70    70    70    70    70    70    70 
10783 10269 10402 11261  9814  9361  9317 10756 10254 10395 11257  9810  9358  9308 0 0 0 0 0 0 0 0 0 0 0 0 0 0   224   224   224   224   224   224   224 10808 10291 10399 11259  9811  9359  9313     2    30    30    30    30    30    30    30    70    70    70    70    70    70    70 
10783 10269 10402 11261  9814  9361  9317 10763 10263 10404 11261  9815  9362  9316 0 0 0 0 0 0 0 0 0 0 0 0 0 0   224   224   224   224   224   224   224 10805 10289 10399 11259  9812  9359  9313     2    30    30    30    30    30    30    30    70    70    70    70    70    70    70 
10783 10269 10402 11261  9814  9361  9317 10750 10266 10400 11255  9805  9353  9319 0 0 0 0 0 0 0 0 0 0 0 0 0 0   224   224   224   224   224   224   224 10801 10287 10399 11259  9811  9359  9314     2    30    30    30    30    30    30    30    70    70    70    70    70    70    70 
10783 10269 10401 11261  9814  9361  9317 10749 10264 10391 11254  9809  9353  9309 0 0 0 0 0 0 0 0 0 0 0 0 0 0   224   224   224   224   224   224   224 10798 10286 10399 11258  9811  9358  9313     2    30    30    30    30    30    30    30    70    70    70    70    70    70    70 
10783 10269 10401 11261  9814  9361  9316 10762 10267 10399 11261  9813  9362  9316 0 0 0 0 0 0 0 0 0 0 0 0 0 0   224   224   224   224   224   224   224 10796 10285 10399 11259  9811  9359  9314     2    30    30    30    30    30    30    30    70    70    70    70    70    70    70 
10783 10269 10401 11261  9814  9361  9316 10752 10258 10391 11257  9807  9355  9307 0 0 0 0 0 0 0 0 0 0 0 0 0 0   224   224   224   224   224   224   224 10793 10283 10398 11258  9811  9358  9313     2    30    30    30    30    30    30    30    70    70    70    70    70    70    70 
10783 10269 10401 11261  9814  9361  9316 10749 10257 10391 11256  9810  9356  9309 0 0 0 0 0 0 0 0 0 0 0 0 0 0   224   224   224   224   224   224   224 10790 10281 10398 11258  9811  9358  9313     2    30    30    30    30    30    30    30    70    70    70    70    70    70    70 
10783 10269 10401 11261  9814  9361  9316 10766 10264 10399 11263  9813  9357  9316 0 0 0 0 0 0 0 0 0 0 0 0 0 0   224   224   224   224   224   224   224 10789 10280 10398 11259  9811  9358  9313     2    30    30    30    30    30    30    30    70    70    70    70    70    70    70 
10783 10269 10401 11261  9814  9361  9316 10759 10262 10394 11256  9808  9358  9311 0 0 0 0 0 0 0 0 0 0 0 0 0 0   224   224   224   224   224   224   224 10787 10279 10398 11258  9811  9358  9313     2    30    30    30    30    30    30    30    70    70    70    70    70    70    70 
10783 10268 10401 11261  9814  9361  9316 10768 10258 10407 11256  9810  9356  9308 0 0 0 0 0 0 0 0 0 0 0 0 0 0   224   224   224   224   224   224   224 10786 10278 10398 11258  9811  9358  9313     2    30    30    30    30    30    30    30    70    70    70    70    70    70    70 
10782 10268 10401 11261  9814  9361  9316 10763 10268 10391 11262  9815  9360  9317 0 0 0 0 0 0 0 0 0 0 0 0 0 0   224   224   224   224   224   224   224 10784 10277 10398 11258  9811  9358  9313     2    30    30    30    30    30    30    30    70    70    70    70    70    70    70 
10782 10268 10401 11261  9814  9360  9316 10760 10254 10394 11256  9810  9356  9309 0 0 0 0 0 0 0 0 0 0 0 0 0 0   224   224   224   224   224   224   224 10783 10276 10397 11258  9811  9358  9313     2    30    30    30    30    30    30    30    70    70    70    70    70    70    70 
10782 10268 10401 11261  9814  9360  9316 10757 10266 10409 11254  9807  9355  9311 0 0 0 0 0 0 0 0 0 0 0 0 0 0   224   224   224   224   224   224   224 10781 10275 10398 11258  9810  9358  9312     2    30    30    30    30    30    30    30    70    70    70    70    70    70    70 
10782 10268 10401 11261  9814  9360  9316 10764 10268 10398 11259  9815  9361  9312 0 0 0 0 0 0 0 0 0 0 0 0 0 0   224   224   224   224   224   224   224 10780 10274 10398 11258  9811  9358  9312     2    30    30    30    30    30    30    30    70    70    70    70    70    70    70 
10782 10268 10401 11261  9814  9360  9316 10755 10259 10390 11251  9809  9353  9306 0 0 0 0 0 0 0 0 0 0 0 0 0 0   224   224   224   224   224   224   224 10778 10273 10397 11257  9811  9358  9312     2    30    30    30    30    30    30    30    70    70    70    70    70    70    70 
10782 10268 10401 11261  9813  9360  9316 10762 10274 10404 11260  9812  9361  9310 0 0 0 0 0 0 0 0 0 0 0 0 0 0   224   224   224   224   224   224   224 10777 10273 10398 11258  9811  9358  9312     2    30    30    30    30    30    30    30    70    70    70    70    70    70    70 
10782 10268 10401 11261  9813  9360  9316 10755 10268 10401 11259  9816  9362  9315 0 0 0 0 0 0 0 0 0 0 0 0 0 0   224   224   224   224   224   224   224 10776 10273 10398 11258  9811  9358  9312     2    30    30    30    30    30    30    30    70    70    70    70    70    70    70 
10782 10268 10401 11261  9813  9360  9316 10760 10264 10397 11255  9809  9356  9308 0 0 0 0 0 0 0 0 0 0 0 0 0 0   224   224   224   224   224   224   224 10775 10272 10398 11257  9811  9358  9312     2    30    30    30    30    30    30    30    70    70    70    70    70    70    70 
10782 10268 10401 11261  9813  9360  9316 10762 10270 10404 11261  9818  9364  9316 0 0 0 0 0 0 0 0 0 0 0 0 0 0   224   224   224   224   224   224   224 10774 10272 10398 11258  9811  9358  9312     2    30    30    30    30    30    30    30    70    70    70    70    70    70    70 
10782 10268 10401 11260  9813  9360  9316 10760 10265 10396 11259  9815  9362  9316 0 0 0 0 0 0 0 0 0 0 0 0 0 0   224   224   224   224   224   224   224 10773 10272 10398 11258  9811  9358  9312     2    30    30    30    30    30    30    30    70    70    70    70    70    70    70 
10782 10268 10401 11260  9813  9360  9315 10755 10260 10396 11257  9809  9359  9308 0 0 0 0 0 0 0 0 0 0 0 0 0 0   224   224   224   224   224   224   224 10772 10271 10398 11258  9811  9358  9312     1    30    30    30    30    30    30    30    70    70    70    70    70    70    70 
10771 10268 10401 11260  9813  9360  9315 10762 10270 10403 11260  9811  9361  9317 0 0 0 0 0 0 0 0 0 0 0 0 0 0   224   224   224   224   224   224   224 10771 10271 10398 11258  9811  9358  9312     2    30    30    30    30    30    30    30    70    70    70    70    70    70    70 
10771 10268 10401 11260  9813  9360  9315 10760 10278 10399 11262  9821  9361  9315 0 0 0 0 0 0 0 0 0 0 0 0 0 0   224   224   224   224   224   224   224 10770 10271 10398 11258  9812  9359  9312     1    30    30    30    30    30    30    30    70    70    70    70    70    70    70 
10771 10268 10401 11260  9813  9360  9315 10753 10260 10388 11258  9806  9355  9308 0 0 0 0 0 0 0 0 0 0 0 0 0 0   224   224   224   224   224   224   224 10769 10271 10398 11258  9811  9358  9312     2    30    30    30    30    30    30    30    70    70    70    70    70    70    70 
10771 10268 10401 11260  9813  9360  9315 10761 10268 10402 11260  9817  9362  9315 0 0 0 0 0 0 0 0 0 0 0 0 0 0   224   224   224   224   224   224   224 10769 10270 10398 11258  9812  9359  9312     2    30    30    30    30    30    30    30    70    70    70    70    70    70    70 
10771 10268 10401 11260  9813  9360  9315 10756 10269 10394 11254  9812  9359  9314 0 0 0 0 0 0 0 0 0 0 0 0 0 0   224   224   224   224   224   224   224 10768 10270 10398 11258  9812  9359  9312     2    30    30    30    30    30    30    30    70    70    70    70    70    70    70 
10771 10268 10401 11260  9813  9360  9315 10753 10266 10388 11255  9810  9354  9310 0 0 0 0 0 0 0 0 0 0 0 0 0 0   224   224   224   224   224   224   224 10767 10270 10397 11258  9812  9358  9312     2    30    30    30    30    30    30    30    70    70    70    70    70    70    70 
10771 10268 10400 11260  9813  9360  9315 10759 10271 10389 11261  9811  9361  9315 0 0 0 0 0 0 0 0 0 0 0 0 0 0   224   224   224   224   224   224   224 10766 10270 10396 11258  9811  9358  9312     1    30    30    30    30    30    30    30    70    70    70    70    70    70    70 
10771 10268 10400 11260  9813  9360  9315 10757 10266 10390 11256  9806  9354  9324 0 0 0 0 0 0 0 0 0 0 0 0 0 0   224   224   224   224   224   224   224 10766 10270 10396 11258  9811  9358  9313     1    30    30    30    30    30    30    30    70    70    70    70    70    70    70 
10771 10268 10400 11260  9813  9360  9315 10754 10259 10386 11256  9809  9350  9310 0 0 0 0 0 0 0 0 0 0 0 0 0 0   224   224   224   224   224   224   224 10765 10269 10395 11257  9811  9358  9313     1    30    30    30    30    30    30    30    70    70    70    70    70    70    70 
10771 10268 10400 11260  9813  9360  9315 10759 10268 10401 11259  9819  9362  9314 0 0 0 0 0 0 0 0 0 0 0 0 0 0   224   224   224   224   224   224   224 10765 10269 10396 11258  9811  9358  9313     2    30    30    30    30    30    30    30    70    70    70    70    70    70    70 
10771 10268 10400 11260  9813  9360  9315 10755 10255 10393 11253  9809  9355  9310 0 0 0 0 0 0 0 0 0 0 0 0 0 0   224   224   224   224   224   224   224 10764 10268 10395 11257  9811  9358  9313     2    30    30    30    30    30    30    30    70    70    70    70    70    70    70 
10770 10268 10400 11260  9813  9360  9315 10758 10262 10393 11255  9808  9360  9312 0 0 0 0 0 0 0 0 0 0 0 0 0 0   224   224   224   224   224   224   224 10764 10268 10395 11257  9811  9358  9312     2    30    30    30    30    30    30    30    70    70    70    70    70    70    70 
10770 10268 10400 11260  9813  9360  9315 10762 10263 10398 11260  9811  9356  9317 0 0 0 0 0 0 0 0 0 0 0 0 0 0   224   224   224   224   224   224   224 10763 10267 10395 11257  9811  9358  9313     1    30    30    30    30    30    30    30    70    70    70    70    70    70    70 
10770 10268 10400 11260  9813  9360  9315 10751 10265 10387 11251  9810  9358  9309 0 0 0 0 0 0 0 0 0 0 0 0 0 0   224   224   224   224   224   224   224 10763 10267 10395 11257  9811  9358  9312     1    30    30    30    30    30    30    30    70    70    70    70    70    70    70 
10770 10268 10400 11260  9813  9360  9315 10767 10259 10396 11255  9804  9359  9310 0 0 0 0 0 0 0 0 0 0 0 0 0 0   224   224   224   224   224   224   224 10763 10267 10395 11257  9810  9358  9312     1    30    30    30    30    30    30    30    70    70    70    70    70    70    70 
10770 10268 10400 11260  9813  9360  9315 10752 10273 10392 11259  9815  9367  9314 0 0 0 0 0 0 0 0 0 0 0 0 0 0   224   224   224   224   224   224   224 10762 10267 10395 11257  9811  9358  9312     2    30    30    30    30    30    30    30    70    70    70    70    70    70    70 
10770 10268 10400 11259  9813  9360  9315 10765 10266 10395 11255  9803  9354  9306 0 0 0 0 0 0 0 0 0 0 0 0 0 0   224   224   224   224   224   224   224 10762 10267 10395 11257  9810  9358  9312     2    30    30    30    30    30    30    30    70    70    70    70    70    70    70 
10770 10268 10400 11259  9813  9360  9315 10765 10266 10396 11260  9812  9355  9308 0 0 0 0 0 0 0 0 0 0 0 0 0 0   224   224   224   224   224   224   224 10762 10267 10395 11257  9810  9358  9312     2    30    30    30    30    30    30    30    70    70    70    70    70    70    70 
10770 10268 10400 11259  9813  9360  9315 10767 10268 10409 11261  9810  9363  9316 0 0 0 0 0 0 0 0 0 0 0 0 0 0   224   224   224   224   224   224   224 10763 10267 10396 11257  9810  9358  9312     2    30    30    30    30    30    30    30    70    70    70    70    70    70    70 
10770 10267 10400 11259  9812  9360  9315 10753 10261 10400 11256  9804  9354  9309 0 0 0 0 0 0 0 0 0 0 0 0 0 0   224   224   224   224   224   224   224 10762 10266 10396 11257  9810  9358  9312     2    30    30    30    30    30    30    30    70    70    70    70    70    70    70 
10770 10267 10400 11259  9812  9360  9315 10762 10257 10396 11258  9811  9363  9316 0 0 0 0 0 0 0 0 0 0 0 0 0 0   224   224   224   224   224   224   224 10762 10266 10396 11257  9810  9358  9312     2    30    30    30    30    30    30    30    70    70    70    70    70    70    70 
10770 10267 10400 11259  9812  9360  9315 10758 10263 10410 11262  9813  9365  9315 0 0 0 0 0 0 0 0 0 0 0 0 0 0   224   224   224   224   224   224   224 10762 10266 10397 11257  9810  9358  9312     2    30    30    30    30    30    30    30    70    70    70    70    70    70    70 
10761 10267 10400 11259  9812  9360  9315 10754 10263 10386 11255  9809  9359  9306 0 0 0 0 0 0 0 0 0 0 0 0 0 0   224   224   224   224   224   224   224 10761 10265 10396 11257  9810  9358  9312     2    30    30    30    30    30    30    30    70    70    70    70    70    70    70 
10761 10267 10400 11259  9812  9360  9315 10760 10266 10392 11260  9817  9361  9312 0 0 0 0 0 0 0 0 0 0 0 0 0 0   224   224   224   224   224   224   224 10761 10265 10396 11257  9810  9359  9312     2    30    30    30    30    30    30    30    70    70    70    70    70    70    70 
10761 10267 10399 11259  9812  9360  9315 10759 10269 10393 11260  9816  9365  9315 0 0 0 0 0 0 0 0 0 0 0 0 0 0   224   224   224   224   224   224   224 10761 10266 10395 11257  9811  9359  9312     1    30    30    30    30    30    30    30    70    70    70    70    70    70    70 
10761 10267 10399 11259  9812  9360  9314 10754 10264 10391 11254  9809  9357  9307 0 0 0 0 0 0 0 0 0 0 0 0 0 0   224   224   224   224   224   224   224 10761 10265 10395 11257  9810  9359  9311     1    30    30    30    30    30    30    30    70    70    70    70    70    70    70 
10761 10267 10399 11259  9812  9360  9314 10760 10271 10408 11261  9813  9366  9311 0 0 0 0 0 0 0 0 0 0 0 0 0 0   224   224   224   224   224   224   224 10760 10266 10396 11257  9811  9359  9311     2    30    30    30    30    30    30    30    70    70    70    70    70    70    70 
10761 10267 10399 11259  9812  9360  9314 10752 10275 10398 11258  9816  9362  9313 0 0 0 0 0 0 0 0 0 0 0 0 0 0   224   224   224   224   224   224   224 10760 10266 10396 11257  9811  9359  9312     2    30    30    30    30    30    30    30    70    70    70    70    70    70    70 
10761 10267 10399 11259  9812  9360  9314 10754 10263 10388 11253  9803  9358  9310 0 0 0 0 0 0 0 0 0 0 0 0 0 0   224   224   224   224   224   224   224 10759 10266 10396 11257  9810  9359  9311     2    30    30    30    30    30    30    30    70    70    70    70    70    70    70 
10761 10267 10399 11259  9812  9360  9314 10761 10270 10395 11263  9814  9362  9316 0 0 0 0 0 0 0 0 0 0 0 0 0 0   224   224   224   224   224   224   224 10760 10266 10395 11257  9811  9359  9312     2    30    30    30    30    30    30    30    70    70    70    70    70    70    70 
10761 10267 10399 11259  9812  9360  9314 10753 10262 10391 11254  9817  9362  9319 0 0 0 0 0 0 0 0 0 0 0 0 0 0   224   224   224   224   224   224   224 10759 10266 10395 11257  9811  9359  9312     2    30    30    30    30    30    30    30    70    70    70    70    70    70    70 
10761 10267 10399 11259  9812  9360  9314 10756 10260 10396 11255  9805  9358  9310 0 0 0 0 0 0 0 0 0 0 0 0 0 0   224   224   224   224   224   224   224 10759 10266 10395 11257  9811  9359  9312     2    30    30    30    30    30    30    30    70    70    70    70    70    70    70 
10761 10267 10399 11259  9812  9360  9314 10765 10268 10398 11260  9814  9365  9316 0 0 0 0 0 0 0 0 0 0 0 0 0 0   224   224   224   224   224   224   224 10759 10266 10395 11257  9811  9360  9312     2    30    30    30    30    30    30    30    70    70    70    70    70    70    70 
10761 10267 10399 11259  9812  9360  9314 10754 10263 10390 11251  9814  9358  9307 0 0 0 0 0 0 0 0 0 0 0 0 0 0   224   224   224   224   224   224   224 10759 10266 10395 11257  9811  9360  9312     2    30    30    30    30    30    30    30    70    70    70    70    70    70    70 
10761 10267 10399 11259  9812  9360  9314 10754 10261 10390 11252  9808  9357  9308 0 0 0 0 0 0 0 0 0 0 0 0 0 0   224   224   224   224   224   224   224 10759 10265 10395 11256  9811  9359  9312     2    30    30    30    30    30    30    30    70    70    70    70    70    70    70 
10761 10267 10399 11259  9812  9360  9314 10761 10269 10404 11265  9818  9363  9311 0 0 0 0 0 0 0 0 0 0 0 0 0 0   224   224   224   224   224   224   224 10759 10265 10395 11257  9811  9360  9311     2    30    30    30    30    30    30    30    70    70    70    70    70    70    70 
10761 10267 10399 11259  9812  9360  9314 10759 10264 10394 11255  9809  9352  9307 0 0 0 0 0 0 0 0 0 0 0 0 0 0   224   224   224   224   224   224   224 10759 10265 10395 11257  9811  9359  9311     2    30    30    30    30    30    30    30    70    70    70    70    70    70    70 
10760 10267 10399 11259  9812  9360  9314 10754 10262 10392 11256  9808  9359  9308 0 0 0 0 0 0 0 0 0 0 0 0 0 0   224   224   224   224   224   224   224 10758 10265 10395 11257  9811  9359  9311     2    30    30    30    30    30    30    30    70    70    70    70    70    70    70 
10760 10267 10399 11259  9812  9360  9314 10761 10268 10401 11260  9816  9358  9320 0 0 0 0 0 0 0 0 0 0 0 0 0 0   224   224   224   224   224   224   224 10758 10265 10395 11257  9811  9359  9311     2    30    30    30    30    30    30    30    70    70    70    70    70    70    70 
10760 10267 10399 11259  9812  9360  9314 10754 10262 10393 11255  9812  9357  9307 0 0 0 0 0 0 0 0 0 0 0 0 0 0   224   224   224   224   224   224   224 10758 10265 10395 11257  9811  9359  9311     2    30    30    30    30    30    30    30    70    70    70    70    70    70    70 
10760 10267 10399 11259  9812  9360  9314 10763 10270 10395 11251  9808  9354  9312 0 0 0 0 0 0 0 0 0 0 0 0 0 0   224   224   224   224   224   224   224 10758 10265 10395 11256  9811  9358  9311     2    30    30    30    30    30    30    30    70    70    70    70    70    70    70 
10760 10267 10399 11259  9812  9360  9314 10759 10266 10399 11261  9818  9361  9316 0 0 0 0 0 0 0 0 0 0 0 0 0 0   224   224   224   224   224   224   224 10758 10265 10395 11257  9811  9359  9311     2    30    30    30    30    30    30    30    70    70    70    70    70    70    70 
10760 10267 10398 11259  9812  9360  9314 10755 10262 10397 11256  9808  9354  9308 0 0 0 0 0 0 0 0 0 0 0 0 0 0   224   224   224   224   224   224   224 10758 10265 10395 11257  9811  9358  9311     2    30    30    30    30    30    30    30    70    70    70    70    70    70    70 
10760 10267 10398 11259  9812  9360  9314 10764 10269 10398 11258  9813  9352  9310 0 0 0 0 0 0 0 0 0 0 0 0 0 0   224   224   224   224   224   224   224 10759 10265 10395 11257  9811  9358  9311     1    30    30    30    30    30    30    30    70    70    70    70    70    70    70 
10760 10267 10398 11259  9812  9360  9314 10766 10264 10400 11258  9821  9367  9311 0 0 0 0 0 0 0 0 0 0 0 0 0 0   224   224   224   224   224   224   224 10759 10265 10396 11257  9812  9358  9311     1    30    30    30    30    30    30    30    70    70    70    70    70    70    70 
10760 10267 10398 11259  9812  9360  9314 10755 10260 10393 11254  9805  9351  9307 0 0 0 0 0 0 0 0 0 0 0 0 0 0   224   224   224   224   224   224   224 10759 10265 10395 11256  9811  9358  9311     2    30    30    30    30    30    30    30    70    70    70    70    70    70    70 
10760 10267 10398 11259  9812  9360  9314 10760 10269 10399 11260  9817  9365  9318 0 0 0 0 0 0 0 0 0 0 0 0 0 0   224   224   224   224   224   224   224 10759 10265 10396 11257  9812  9358  9311     2    30    30    30    30    30    30    30    70    70    70    70    70    70    70 
10760 10267 10398 11259  9812  9360  9314 10760 10265 10400 11261  9812  9365  9312 0 0 0 0 0 0 0 0 0 0 0 0 0 0   224   224   224   224   224   224   224 10759 10265 10396 11257  9812  9359  9311     2    30    30    30    30    30    30    30    70    70    70    70    70    70    70 
10760 10267 10398 11259  9812  9360  9313 10756 10264 10394 11257  9811  9361  9312 0 0 0 0 0 0 0 0 0 0 0 0 0 0   224   224   224   224   224   224   224 10759 10265 10396 11257  9812  9359  9311     1    30    30    30    30    30    30    30    70    70    70    70    70    70    70 
10760 10267 10398 11259  9812  9360  9313 10763 10269 10398 11260  9820  9360  9314 0 0 0 0 0 0 0 0 0 0 0 0 0 0   224   224   224   224   224   224   224 10759 10265 10396 11257  9812  9359  9311     1    30    30    30    30    30    30    30    70    70    70    70    70    70    70 
10760 10267 10398 11259  9812  9360  9313 10764 10268 10400 11259  9814  9362  9319 0 0 0 0 0 0 0 0 0 0 0 0 0 0   224   224   224   224   224   224   224 10759 10265 10396 11257  9812  9359  9312     1    30    30    30    30    30    30    30    70    70    70    70    70    70    70 
10760 10267 10398 11259  9812  9360  9313 10751 10254 10394 11253  9808  9359  9308 0 0 0 0 0 0 0 0 0 0 0 0 0 0   224   224   224   224   224   224   224 10759 10265 10396 11257  9812  9359  9312     1    30    30    30    30    30    30    30    70    70    70    70    70    70    70 
10760 10267 10398 11259  9812  9360  9313 10763 10265 10399 11262  9819  9368  9312 0 0 0 0 0 0 0 0 0 0 0 0 0 0   224   224   224   224   224   224   224 10759 10265 10396 11257  9812  9360  9312     2    30    30    30    30    30    30    30    70    70    70    70    70    70    70 
10760 10267 10398 11259  9812  9360  9313 10755 10257 10406 11260  9814  9363  9315 0 0 0 0 0 0 0 0 0 0 0 0 0 0   224   224   224   224   224   224   224 10759 10264 10397 11257  9812  9360  9312     2    30    30    30    30    30    30    30    70    70    70    70    70    70    70 
10760 10266 10398 11259  9812  9360  9313 10755 10265 10396 11258  9809  9355  9306 0 0 0 0 0 0 0 0 0 0 0 0 0 0   224   224   224   224   224   224   224 10758 10264 10397 11257  9812  9359  9311     2    30    30    30    30    30    30    30    70    70    70    70    70    70    70 
10760 10266 10398 11259  9812  9360  9313 10763 10265 10399 11261  9814  9359  9315 0 0 0 0 0 0 0 0 0 0 0 0 0 0   224   224   224   224   224   224   224 10759 10264 10397 11257  9812  9359  9312     2    30    30    30    30    30    30    30    70    70    70    70    70    70    70 
10760 10266 10398 11259  9812  9360  9313 10755 10263 10396 11254  9807  9363  9316 0 0 0 0 0 0 0 0 0 0 0 0 0 0   224   224   224   224   224   224   224 10758 10264 10397 11257  9812  9360  9312     1    30    30    30    30    30    30    30    70    70    70    70    70    70    70 
10760 10266 10398 11259  9812  9360  9313 10755 10262 10390 11255  9809  9359  9311 0 0 0 0 0 0 0 0 0 0 0 0 0 0   224   224   224   224   224   224   224 10758 10264 10396 11257  9812  9359  9312     1    30    30    30    30    30    30    30    70    70    70    70    70    70    70 
10760 10266 10398 11259  9812  9360  9313 10761 10267 10401 11262  9817  9363  9320 0 0 0 0 0 0 0 0 0 0 0 0 0 0   224   224   224   224   224   224   224 10758 10264 10396 11257  9812  9360  9312     1    30    30    30    30    30    30    30    70    70    70    70    70    70    70 
10760 10266 10398 11259  9812  9360  9313 10752 10257 10394 11256  9807  9357  9310 0 0 0 0 0 0 0 0 0 0 0 0 0 0   224   224   224   224   224   224   224 10758 10264 10396 11257  9812  9359  9312     2    30    30    30    30    30    30    30    70    70    70    70    70    70    70 
10760 10266 10398 11259  9812  9360  9313 10757 10260 10391 11254  9810  9355  9313 0 0 0 0 0 0 0 0 0 0 0 0 0 0   224   224   224   224   224   224   224 10758 10263 10396 11257  9811  9359  9312     1    30    30    30    30    30    30    30    70    70    70    70    70    70    70 
10760 10266 10398 11259  9812  9360  9313 10758 10267 10395 11261  9816  9358  9313 0 0 0 0 0 0 0 0 0 0 0 0 0 0   224   224   224   224   224   224   224 10758 10263 10396 11257  9812  9359  9312     1    30    30    30    30    30    30    30    70    70    70    70    70    70    70 
10760 10266 10398 11259  9812  9360  9313 10754 10263 10396 11255  9805  9356  9305 0 0 0 0 0 0 0 0 0 0 0 0 0 0   224   224   224   224   224   224   224 10757 10263 10396 11257  9811  9359  9312     1    30    30    30    30    30    30    30    70    70    70    70    70    70    70 
10760 10266 10398 11259  9812  9360  9313 10755 10260 10391 11257  9810  9356  9309 0 0 0 0 0 0 0 0 0 0 0 0 0 0   224   224   224   224   224   224   224 10757 10263 10395 11257  9811  9359  9311     1    30    30    30    30    30    30    30    70    70    70    70    70    70    70 
10760 10266 10398 11259  9812  9360  9313 10760 10268 10397 11261  9818  9362  9312 0 0 0 0 0 0 0 0 0 0 0 0 0 0   224   224   224   224   224   224   224 10757 10263 10396 11257  9812  9359  9311     1    30    30    30    30    30    30    30    70    70    70    70    70    70    70 
10760 10266 10398 11259  9812  9360  9313 10753 10264 10392 11256  9806  9358  9306 0 0 0 0 0 0 0 0 0 0 0 0 0 0   224   224   224   224   224   224   224 10757 10263 10395 11257  9811  9359  9311     1    30    30    30    30    30    30    30    70    70    70    70    70    70    70 
10760 10266 10398 11259  9812  9360  9313 10765 10269 10395 11255  9808  9354  9308 0 0 0 0 0 0 0 0 0 0 0 0 0 0   224   224   224   224   224   224   224 10758 10264 10395 11257  9811  9358  9311     1    30    30    30    30    30    30    30    70    70    70    70    70    70    70 
10760 10266 10398 11259  9812  9360  9313 10760 10265 10404 11261  9817  9365  9317 0 0 0 0 0 0 0 0 0 0 0 0 0 0   224   224   224   224   224   224   224 10758 10264 10396 11257  9811  9359  9311     1    30    30    30    30    30    30    30    70    70    70    70    70    70    70 
10760 10266 10398 11259  9812  9360  9313 10756 10259 10394 11254  9808  9357  9309 0 0 0 0 0 0 0 0 0 0 0 0 0 0   224   224   224   224   224   224   224 10758 10263 10396 11257  9811  9359  9311     2    30    30    30    30    30    30    30    70    70    70    70    70    70    70 
10760 10266 10398 11259  9812  9360  9313 10761 10269 10398 11259  9816  9361  9310 0 0 0 0 0 0 0 0 0 0 0 0 0 0   224   224   224   224   224   224   224 10758 10264 10396 11257  9811  9359  9311     2    30    30    30    30    30    30    30    70    70    70    70    70    70    70 
10760 10266 10398 11259  9812  9360  9313 10763 10268 10402 11262  9816  9363  9313 0 0 0 0 0 0 0 0 0 0 0 0 0 0   224   224   224   224   224   224   224 10758 10264 10396 11257  9812  9359  9311     1    30    30    30    30    30    30    30    70    70    70    70    70    70    70 
10760 10266 10398 11259  9812  9360  9313 10753 10263 10392 11254  9808  9356  9306 0 0 0 0 0 0 0 0 0 0 0 0 0 0   224   224   224   224   224   224   224 10758 10264 10396 11257  9811  9359  9311     1    30    30    30    30    30    30    30    70    70    70    70    70    70    70 
10760 10266 10398 11259  9812  9360  9313 10763 10269 10397 11262  9818  9364  9316 0 0 0 0 0 0 0 0 0 0 0 0 0 0   224   224   224   224   224   224   224 10758 10264 10396 11257  9812  9359  9311     2    30    30    30    30    30    30    30    70    70    70    70    70    70    70 
10760 10266 10398 11259  9812  9360  9313 10762 10268 10398 11261  9815  9363  9315 0 0 0 0 0 0 0 0 0 0 0 0 0 0   224   224   224   224   224   224   224 10758 10264 10396 11258  9812  9359  9311     1    30    30    30    30    30    30    30    70    70    70    70    70    70    70 
10760 10266 10398 11259  9812  9360  9313 10755 10262 10395 11256  9809  9357  9310 0 0 0 0 0 0 0 0 0 0 0 0 0 0   224   224   224   224   224   224   224 10758 10264 10396 11257  9812  9359  9311     1    30    30    30    30    30    30    30    70    70    70    70    70    70    70 
10760 10266 10398 11259  9812  9360  9313 10763 10268 10399 11262  9814  9361  9314 0 0 0 0 0 0 0 0 0 0 0 0 0 0   224   224   224   224   224   224   224 10758 10264 10396 11258  9812  9359  9311     1    30    30    30    30    30    30    30    70    70    70    70    70    70    70 
10760 10266 10398 11259  9812  9360  9313 10765 10269 10399 11259  9816  9363  9318 0 0 0 0 0 0 0 0 0 0 0 0 0 0   224   224   224   224   224   224   224 10759 10265 10396 11258  9812  9359  9312     1    30    30    30    30    30    30    30    70    70    70    70    70    70    70 
10760 10266 10398 11259  9812  9360  9313 10754 10264 10396 11255  9808  9354  9306 0 0 0 0 0 0 0 0 0 0 0 0 0 0   224   224   224   224   224   224   224 10758 10265 10396 11258  9812  9359  9311     1    30    30    30    30    30    30    30    70    70    70    70    70    70    70 
10760 10266 10398 11259  9812  9360  9313 10762 10272 10401 11262  9816  9362  9315 0 0 0 0 0 0 0 0 0 0 0 0 0 0   224   224   224   224   224   224   224 10759 10265 10396 11258  9812  9359  9311     1    30    30    30    30    30    30    30    70    70    70    70    70    70    70 
10760 10266 10398 11259  9812  9360  9313 10753 10258 10393 11264  9813  9359  9316 0 0 0 0 0 0 0 0 0 0 0 0 0 0   224   224   224   224   224   224   224 10758 10265 10396 11258  9812  9359  9312     1    30    30    30    30    30    30    30    70    70    70    70    70    70    70 
10760 10266 10398 11259  9812  9360  9313 10756 10262 10393 11257  9808  9358  9310 0 0 0 0 0 0 0 0 0 0 0 0 0 0   224   224   224   224   224   224   224 10758 10264 10396 11258  9812  9359  9312     1    30    30    30    30    30    30    30    70    70    70    70    70    70    70 
10760 10266 10398 11259  9812  9360  9313 10762 10267 10399 11262  9819  9362  9317 0 0 0 0 0 0 0 0 0 0 0 0 0 0   224   224   224   224   224   224   224 10758 10265 10396 11258  9812  9359  9312     1    30    30    30    30    30    30    30    70    70    70    70    70    70    70 
10760 10266 10398 11259  9812  9360  9313 10754 10262 10396 11255  9808  9353  9323 0 0 0 0 0 0 0 0 0 0 0 0 0 0   224   224   224   224   224   224   224 10758 10264 10396 11258  9812  9359  9313     2    30    30    30    30    30    30    30    70    70    70    70    70    70    70 
10760 10266 10398 11259  9812  9360  9313 10754 10261 10390 11254  9809  9352  9309 0 0 0 0 0 0 0 0 0 0 0 0 0 0   224   224   224   224   224   224   224 10758 10264 10396 11258  9812  9358  9312     1    30    30    30    30    30    30    30    70    70    70    70    70    70    70 
10760 10266 10398 11259  9812  9360  9313 10758 10267 10399 11262  9816  9365  9313 0 0 0 0 0 0 0 0 0 0 0 0 0 0   224   224   224   224   224   224   224 10758 10264 10396 11258  9812  9359  9312     2    30    30    30    30    30    30    30    70    70    70    70    70    70    70 
10760 10266 10398 11259  9812  9360  9313 10752 10261 10396 11255  9807  9357  9307 0 0 0 0 0 0 0 0 0 0 0 0 0 0   224   224   224   224   224   224   224 10757 10264 10396 11258  9812  9359  9312     2    30    30    30    30    30    30    30    70    70    70    70    70    70    70 
10760 10266 10398 11259  9812  9360  9313 10754 10258 10392 11257  9806  9355  9308 0 0 0 0 0 0 0 0 0 0 0 0 0 0   224   224   224   224   224   224   224 10757 10264 10396 11258  9811  9358  9312     1    30    30    30    30    30    30    30    70    70    70    70    70    70    70 
10760 10266 10397 11259  9812  9360  9313 10761 10264 10396 11262  9814  9361  9312 0 0 0 0 0 0 0 0 0 0 0 0 0 0   224   224   224   224   224   224   224 10757 10264 10396 11258  9811  9358  9312     1    30    30    30    30    30    30    30    70    70    70    70    70    70    70 
10760 10266 10397 11259  9812  9360  9313 10757 10262 10395 11257  9808  9357  9306 0 0 0 0 0 0 0 0 0 0 0 0 0 0   224   224   224   224   224   224   224 10757 10263 10395 11258  9811  9358  9311     1    30    30    30    30    30    30    30    70    70    70    70    70    70    70 
10760 10266 10397 11259  9812  9360  9313 10757 10263 10396 11258  9809  9355  9307 0 0 0 0 0 0 0 0 0 0 0 0 0 0   224   224   224   224   224   224   224 10757 10263 10395 11258  9811  9358  9311     1    30    30    30    30    30    30    30    70    70    70    70    70    70    70 
10760 10266 10397 11259  9812  9360  9313 10763 10268 10399 11260  9811  9365  9312 0 0 0 0 0 0 0 0 0 0 0 0 0 0   224   224   224   224   224   224   224 10757 10264 10396 11258  9811  9358  9311     1    30    30    30    30    30    30    30    70    70    70    70    70    70    70 
10760 10266 10397 11259  9812  9360  9313 10757 10260 10395 11256  9808  9356  9308 0 0 0 0 0 0 0 0 0 0 0 0 0 0   224   224   224   224   224   224   224 10757 10263 10396 11258  9811  9358  9311     1    30    30    30    30    30    30    30    70    70    70    70    70    70    70 
10760 10266 10397 11259  9812  9360  9313 10766 10269 10397 11259  9807  9357  9309 0 0 0 0 0 0 0 0 0 0 0 0 0 0   224   224   224   224   224   224   224 10758 10264 10396 11258  9810  9358  9311     1    30    30    30    30    30    30    30    70    70    70    70    70    70    70 
10760 10266 10397 11259  9812  9360  9313 10757 10265 10398 11261  9814  9362  9314 0 0 0 0 0 0 0 0 0 0 0 0 0 0   224   224   224   224   224   224   224 10758 10264 10396 11258  9811  9358  9311     1    30    30    30    30    30    30    30    70    70    70    70    70    70    70 
10759 10266 10397 11259  9812  9360  9313 10758 10261 10392 11256  9809  9356  9306 0 0 0 0 0 0 0 0 0 0 0 0 0 0   224   224   224   224   224   224   224 10758 10264 10395 11258  9810  9358  9310     1    30    30    30    30    30    30    30    70    70    70    70    70    70    70 
10759 10266 10397 11259  9812  9360  9312 10759 10267 10395 11262  9811  9360  9311 0 0 0 0 0 0 0 0 0 0 0 0 0 0   224   224   224   224   224   224   224 10758 10264 10395 11258  9810  9358  9310     1    30    30    30    30    30    30    30    70    70    70    70    70    70    70 
10759 10266 10397 11259  9812  9360  9312 10756 10269 10398 11259  9814  9360  9314 0 0 0 0 0 0 0 0 0 0 0 0 0 0   224   224   224   224   224   224   224 10758 10264 10396 11258  9811  9358  9311     1    30    30    30    30    30    30    30    70    70    70    70    70    70    70 
10759 10266 10397 11259  9812  9359  9312 10754 10266 10393 11255  9805  9358  9311 0 0 0 0 0 0 0 0 0 0 0 0 0 0   224   224   224   224   224   224   224 10757 10264 10395 11258  9810  9358  9311     1    30    30    30    30    30    30    30    70    70    70    70    70    70    70 
10759 10266 10397 11259  9812  9359  9312 10764 10266 10400 11261  9813  9363  9314 0 0 0 0 0 0 0 0 0 0 0 0 0 0   224   224   224   224   224   224   224 10758 10264 10396 11258  9810  9359  9311     1    30    30    30    30    30    30    30    70    70    70    70    70    70    70 
10759 10266 10397 11259  9812  9359  9312 10764 10269 10402 11262  9813  9360  9315 0 0 0 0 0 0 0 0 0 0 0 0 0 0   224   224   224   224   224   224   224 10758 10264 10396 11258  9811  9359  9311     1    30    30    30    30    30    30    30    70    70    70    70    70    70    70 
10759 10266 10397 11259  9812  9359  9312 10753 10257 10397 11255  9810  9357  9309 0 0 0 0 0 0 0 0 0 0 0 0 0 0   224   224   224   224   224   224   224 10758 10264 10396 11258  9810  9358  9311     1    30    30    30    30    30    30    30    70    70    70    70    70    70    70 
10759 10266 10397 11259  9812  9359  9312 10766 10268 10395 11262  9813  9362  9316 0 0 0 0 0 0 0 0 0 0 0 0 0 0   224   224   224   224   224   224   224 10758 10264 10396 11258  9811  9359  9311     1    30    30    30    30    30    30    30    70    70    70    70    70    70    70 
10759 10266 10397 11259  9812  9359  9312 10749 10276 10399 11260  9816  9363  9314 0 0 0 0 0 0 0 0 0 0 0 0 0 0   224   224   224   224   224   224   224 10758 10265 10396 11258  9811  9359  9311     1    30    30    30    30    30    30    30    70    70    70    70    70    70    70 
10759 10266 10397 11259  9812  9359  9312 10752 10264 10390 11257  9809  9356  9308 0 0 0 0 0 0 0 0 0 0 0 0 0 0   224   224   224   224   224   224   224 10757 10265 10396 11258  9811  9359  9311     1    30    30    30    30    30    30    30    70    70    70    70    70    70    70 
10759 10266 10397 11259  9812  9359  9312 10754 10268 10400 11263  9815  9360  9315 0 0 0 0 0 0 0 0 0 0 0 0 0 0   224   224   224   224   224   224   224 10757 10265 10396 11258  9811  9359  9311     1    30    30    30    30    30    30    30    70    70    70    70    70    70    70 
