
[09:43:25.599]收←◆10791 10262 10416 11261  9815  9382  9409 10821 10271 11331 11270  9822  9383  9426 0 0 1 0 0 0 0 0 0 1 0 0 0 0   224   224   224   224   224   224   224 10793 10263 10430 11261  9816  9380  9411     6    30    30    30    30    30    30    30    70    70    70    70    70    70    70 
10791 10262 10416 11261  9815  9382  9409 10808 10263 11934 11267  9814  9384  9418 0 0 1 0 0 0 0 0 0 1 0 0 0 0   224   224   224   224   224   224   224 10794 10263 10501 11262  9816  9380  9411    10    30    30    30    30    30    30    30    70    70    70    70    70    70    70 
10791 10262 10416 11261  9815  9382  9409 10820 10266 12756 11263  9814  9384  9424 0 0 0 0 0 0 0 0 0 1 0 0 0 0   224   224   224   224   224   224   224 10795 10263 10604 11262  9816  9381  9412    13    30    30    30    30    30    30    30    70    70    70    70    70    70    70 
10791 10262 10416 11261  9815  9382  9409 10820 10268 11937 11267  9819  9394  9429 0 0 1 0 0 0 0 0 0 1 0 0 0 0   224   224   224   224   224   224   224 10797 10263 10725 11262  9816  9381  9413    16    30    30    30    30    30    30    30    70    70    70    70    70    70    70 
10791 10262 10416 11261  9816  9382  9409 10809 10265 11570 11262  9816  9380  9420 0 0 1 0 0 0 0 0 0 1 0 0 0 0   224   224   224   224   224   224   224 10797 10263 10786 11262  9816  9381  9413    17    30    30    30    30    30    30    30    70    70    70    70    70    70    70 
10791 10262 10416 11261  9816  9382  9409 10817 10266 10710 11265  9820  9381  9420 0 0 1 0 0 0 0 0 0 1 0 0 0 0   224   224   224   224   224   224   224 10799 10263 10821 11262  9816  9381  9414    20    30    30    30    30    30    30    30    70    70    70    70    70    70    70 
10791 10262 10416 11261  9816  9382  9409 10836 10271 10518 11267  9817  9381  9430 0 0 1 0 0 0 0 0 0 1 0 0 0 0   224   224   224   224   224   224   224 10801 10264 10802 11262  9816  9381  9415    19    30    30    30    30    30    30    30    70    70    70    70    70    70    70 
10791 10262 10416 11261  9816  9382  9409 10834 10264 10452 11266  9811  9376  9416 0 0 1 0 0 0 0 0 0 1 0 0 0 0   224   224   224   224   224   224   224 10803 10264 10780 11263  9816  9381  9415    17    30    30    30    30    30    30    30    70    70    70    70    70    70    70 
10792 10262 10416 11261  9816  9382  9409 10844 10273 10432 11269  9819  9393  9428 0 0 1 0 0 0 0 0 0 1 0 0 0 0   224   224   224   224   224   224   224 10806 10264 10759 11263  9816  9382  9416    16    30    30    30    30    30    30    30    70    70    70    70    70    70    70 
10792 10262 10416 11261  9816  9382  9409 10842 10271 10432 11270  9817  9383  9433 0 0 1 0 0 0 0 0 0 1 0 0 0 0   224   224   224   224   224   224   224 10808 10265 10738 11263  9816  9382  9417    14    30    30    30    30    30    30    30    70    70    70    70    70    70    70 
10792 10263 10416 11261  9816  9382  9410 10837 10264 10425 11266  9821  9377  9419 0 0 1 0 0 0 0 0 0 1 0 0 0 0   224   224   224   224   224   224   224 10810 10265 10719 11263  9816  9381  9417    12    30    30    30    30    30    30    30    70    70    70    70    70    70    70 
10792 10263 10416 11261  9816  9382  9410 10844 10272 10425 11271  9826  9394  9425 0 0 1 0 0 0 0 0 0 1 0 0 0 0   224   224   224   224   224   224   224 10812 10265 10700 11264  9817  9382  9417    11    30    30    30    30    30    30    30    70    70    70    70    70    70    70 
10792 10263 10416 11261  9816  9382  9410 10853 10277 10428 11273  9824  9391  9427 0 0 1 0 0 0 0 0 0 1 0 0 0 0   224   224   224   224   224   224   224 10814 10266 10683 11264  9817  9383  9418    10    30    30    30    30    30    30    30    70    70    70    70    70    70    70 
10792 10263 10416 11261  9816  9382  9410 10856 10274 10414 11265  9817  9378  9420 0 0 1 0 0 0 0 0 0 1 0 0 0 0   224   224   224   224   224   224   224 10817 10266 10666 11264  9817  9382  9418     9    30    30    30    30    30    30    30    70    70    70    70    70    70    70 
10792 10263 10416 11262  9816  9382  9410 10891 10280 10421 11273  9824  9391  9435 0 0 1 0 0 0 0 0 0 1 0 0 0 0   224   224   224   224   224   224   224 10821 10267 10651 11265  9818  9383  9419     8    30    30    30    30    30    30    30    70    70    70    70    70    70    70 
10792 10263 10416 11262  9816  9382  9410 11504 10271 10419 11275  9820  9387  9427 0 0 1 0 0 0 0 0 0 1 0 0 0 0   224   224   224   224   224   224   224 10840 10267 10636 11266  9818  9383  9419    12    30    30    30    30    30    30    30    70    70    70    70    70    70    70 
10792 10263 10416 11262  9816  9382  9410 12936 10273 10424 11263  9813  9377  9424 0 0 1 0 0 0 0 0 0 1 0 0 0 0   224   224   224   224   224   224   224 10895 10268 10623 11265  9817  9383  9420    15    30    30    30    30    30    30    30    70    70    70    70    70    70    70 
10792 10263 10416 11262  9816  9382  9410 13266 10276 10431 11269  9823  9388  9429 0 0 1 0 0 0 0 0 0 1 0 0 0 0   224   224   224   224   224   224   224 11037 10268 10611 11266  9818  9383  9420    16    30    30    30    30    30    30    30    70    70    70    70    70    70    70 
10792 10263 10416 11262  9816  9382  9410 13290 10269 10420 11262  9815  9383  9429 1 0 1 0 0 0 0 0 0 1 0 0 0 0   224   224   224   224   224   224   224 11178 10268 10599 11265  9818  9383  9421    15    30    30    30    30    30    30    30    70    70    70    70    70    70    70 
10792 10263 10416 11262  9816  9382  9410 12505 10271 10416 11263  9815  9382  9423 1 0 1 0 0 0 0 0 0 1 0 0 0 0   224   224   224   224   224   224   224 11296 10268 10588 11265  9817  9383  9421    17    30    30    30    30    30    30    30    70    70    70    70    70    70    70 
10792 10263 10416 11262  9816  9382  9410 10907 10279 10424 11272  9821  9389  9431 1 0 1 0 0 0 0 0 0 1 0 0 0 0   224   224   224   224   224   224   224 11357 10269 10577 11266  9818  9383  9421    20    30    30    30    30    30    30    30    70    70    70    70    70    70    70 
10792 10264 10416 11262  9817  9382  9411 10838 10273 10409 11263  9817  9380  9421 1 0 1 0 0 0 0 0 0 1 0 0 0 0   224   224   224   224   224   224   224 11325 10269 10567 11265  9818  9383  9421    18    30    30    30    30    30    30    30    70    70    70    70    70    70    70 
10792 10264 10416 11262  9817  9382  9411 10822 10270 10406 11263  9818  9383  9425 1 0 1 0 0 0 0 0 0 1 0 0 0 0   224   224   224   224   224   224   224 11293 10269 10557 11265  9818  9383  9422    16    30    30    30    30    30    30    30    70    70    70    70    70    70    70 
10792 10264 10416 11262  9817  9382  9411 10815 10274 10420 11270  9820  9386  9429 1 0 1 0 0 0 0 0 0 1 0 0 0 0   224   224   224   224   224   224   224 11263 10269 10548 11265  9818  9383  9422    14    30    30    30    30    30    30    30    70    70    70    70    70    70    70 
10792 10264 10416 11262  9817  9382  9411 10798 10264 10425 11269  9816  9381  9426 1 0 1 0 0 0 0 0 0 1 0 0 0 0   224   224   224   224   224   224   224 11234 10269 10540 11266  9818  9383  9422    13    30    30    30    30    30    30    30    70    70    70    70    70    70    70 
10792 10264 10416 11263  9817  9382  9411 10802 10266 10426 11263  9811  9379  9424 1 0 1 0 0 0 0 0 0 1 0 0 0 0   224   224   224   224   224   224   224 11207 10269 10533 11265  9817  9383  9422    11    30    30    30    30    30    30    30    70    70    70    70    70    70    70 
10792 10264 10416 11263  9817  9382  9411 10798 10271 10436 11269  9826  9386  9429 1 0 1 0 0 0 0 0 0 1 0 0 0 0   224   224   224   224   224   224   224 11182 10269 10527 11266  9818  9383  9423    10    30    30    30    30    30    30    30    70    70    70    70    70    70    70 
10792 10264 10417 11263  9817  9382  9411 10790 10262 10434 11265  9813  9379  9422 1 0 0 0 0 0 0 0 0 1 0 0 0 0   224   224   224   224   224   224   224 11157 10268 10521 11266  9817  9383  9423     9    30    30    30    30    30    30    30    70    70    70    70    70    70    70 
10792 10264 10417 11263  9817  9382  9411 10794 10275 10519 11271  9823  9380  9421 1 0 0 0 0 0 0 0 0 1 0 0 0 0   224   224   224   224   224   224   224 11134 10269 10521 11266  9818  9382  9422     9    30    30    30    30    30    30    30    70    70    70    70    70    70    70 
10792 10264 10417 11263  9817  9382  9411 10801 10268 11738 11271  9823  9391  9433 1 0 0 0 0 0 0 0 0 1 0 0 0 0   224   224   224   224   224   224   224 11113 10269 10535 11266  9818  9383  9423    12    30    30    30    30    30    30    30    70    70    70    70    70    70    70 
10792 10264 10417 11263  9817  9382  9411 10795 10264 13089 11264  9817  9381  9424 1 0 1 0 0 0 0 0 0 1 0 0 0 0   224   224   224   224   224   224   224 11093 10268 10624 11266  9818  9383  9423    16    30    30    30    30    30    30    30    70    70    70    70    70    70    70 
10792 10264 10417 11263  9817  9382  9411 10798 10267 13124 11273  9822  9389  9427 1 0 1 0 0 0 0 1 0 1 0 0 0 0   224   224   224   224   224   224   224 11075 10268 10780 11266  9818  9383  9423    14    30    30    30    30    30    30    30    70    70    70    70    70    70    70 \010792 10265 10417 11263  9817  9382  9412 10803 10276 12910 11269  9822  9389  9431 1 0 1 0 0 0 0 1 0 1 0 0 0 0   224   224   224   224   224   224   224 11058 10269 10913 11267  9818  9383  9424    12    30    30    30    30    30    30    30    70    70    70    70    70    70    70 \010792 10265 10417 11263  9817  9383  9412 10791 10268 11741 11268  9817  9379  9421 1 0 1 0 0 0 0 1 0 1 0 0 0 0   224   224   224   224   224   224   224 11041 10269 11024 11267  9818  9383  9424    16    30    30    30    30    30    30    30    70    70    70    70    70    70    70 \010792 10265 10417 11263  9818  9383  9412 10818 10270 10513 11271  9822  9382  9430 1 0 1 0 0 0 0 1 0 1 0 0 0 0   224   224   224   224   224   224   224 11027 10269 11055 11267  9818  9383  9424    19    30    30    30    30    30    30    30    70    70    70    70    70    70    70 \010792 10265 10417 11263  9818  9383  9412 10808 10274 10447 11273  9823  9388  9430 1 0 1 0 0 0 0 1 0 1 0 0 0 0   224   224   224   224   224   224   224 11014 10269 11017 11267  9819  9383  9424    17    30    30    30    30    30    30    30    70    70    70    70    70    70    70 \010792 10265 10417 11264  9818  9383  9412 10808 10262 10425 11266  9816  9379  9422 1 0 1 0 0 0 0 1 0 1 0 0 0 0   224   224   224   224   224   224   224 11001 10269 10980 11267  9818  9383  9424    15    30    30    30    30    30    30    30    70    70    70    70    70    70    70 \010792 10265 10417 11264  9818  9383  9412 10818 10278 10422 11274  9821  9384  9429 1 0 1 0 0 0 0 1 0 1 0 0 0 0   224   224   224   224   224   224   224 10989 10269 10945 11267  9819  9383  9424    14    30    30    30    30    30    30    30    70    70    70    70    70    70    70 \010792 10265 10417 11264  9818  9383  9412 10830 10270 10413 11264  9816  9390  9431 1 0 1 0 0 0 0 1 0 1 0 0 0 0   224   224   224   224   224   224   224 10979 10269 10912 11267  9818  9383  9425    12    30    30    30    30    30    30    30    70    70    70    70    70    70    70 \010792 10265 10417 11264  9818  9383  9412 10858 10275 10419 11266  9814  9382  9425 1 0 1 0 0 0 0 1 0 1 0 0 0 0   224   224   224   224   224   224   224 10972 10269 10881 11267  9818  9383  9425    11    30    30    30    30    30    30    30    70    70    70    70    70    70    70 \010792 10265 10417 11264  9818  9383  9412 10903 10289 10442 11275  9824  9389  9433 1 0 1 0 0 0 0 1 0 1 0 0 0 0   224   224   224   224   224   224   224 10967 10271 10853 11268  9818  9384  9425    10    30    30    30    30    30    30    30    70    70    70    70    70    70    70 \010792 10265 10417 11264  9818  9383  9412 11958 10257 10410 11261  9813  9378  9421 1 0 1 0 0 0 0 1 0 1 0 0 0 0   224   224   224   224   224   224   224 10977 10270 10826 11267  9818  9383  9425    14    30    30    30    30    30    30    30    70    70    70    70    70    70    70 \010792 10265 10417 11264  9818  9383  9412 13360 10278 10414 11261  9817  9379  9424 1 0 1 0 0 0 0 1 0 1 0 0 0 0   224   224   224   224   224   224   224 11053 10270 10800 11267  9818  9383  9425    17    30    30    30    30    30    30    30    70    70    70    70    70    70    70 \010792 10266 10417 11264  9818  9383  9413 14531 10277 10423 11265  9824  9388  9431 1 0 1 0 0 0 0 1 0 1 0 0 0 0   224   224   224   224   224   224   224 11211 10271 10776 11267  9818  9383  9425    20    30    30    30    30    30    30    30    70    70    70    70    70    70    70 \010792 10266 10417 11264  9818  9383  9413 14391 10270 10414 11258  9813  9380  9423 1 0 1 0 0 0 0 1 0 1 0 0 0 0   224   224   224   224   224   224   224 11409 10271 10754 11266  9818  9383  9425    19    30    30    30    30    30    30    30    70    70    70    70    70    70    70 \010792 10266 10417 11264  9818  9383  9413 12266 10262 10424 11262  9811  9382  9421 1 0 1 0 0 0 0 1 0 1 0 0 0 0   224   224   224   224   224   224   224 11582 10270 10733 11266  9817  9383  9425    21    30    30    30    30    30    30    30    70    70    70    70    70    70    70 \010792 10266 10417 11264  9818  9383  9413 10955 10282 10409 11271  9820  9388  9430 1 0 1 0 0 0 0 1 0 1 0 0 0 0   224   224   224   224   224   224   224 11610 10271 10713 11266  9818  9383  9425    23    30    30    30    30    30    30    30    70    70    70    70    70    70    70 \010792 10266 10417 11265  9818  9383  9413 10856 10279 10431 11265  9816  9379  9422 1 0 1 0 0 0 0 1 0 1 0 0 0 0   224   224   224   224   224   224   224 11563 10271 10695 11266  9817  9383  9425    22    30    30    30    30    30    30    30    70    70    70    70    70    70    70 \010792 10266 10417 11265  9818  9383  9413 10851 10276 10420 11278  9821  9380  9419 1 0 1 0 0 0 0 1 0 1 0 0 0 0   224   224   224   224   224   224   224 11519 10271 10678 11267  9818  9383  9424    19    30    30    30    30    30    30    30    70    70    70    70    70    70    70 \010792 10266 10417 11265  9818  9383  9413 10838 10264 10428 11265  9822  9386  9430 1 0 1 0 0 0 0 1 0 1 0 0 0 0   224   224   224   224   224   224   224 11476 10271 10662 11267  9818  9383  9425    17    30    30    30    30    30    30    30    70    70    70    70    70    70    70 \010792 10266 10417 11265  9818  9383  9413 10815 10265 10427 11268  9813  9382  9420 1 0 1 0 0 0 0 1 0 1 0 0 0 0   224   224   224   224   224   224   224 11435 10271 10647 11267  9818  9383  9424    15    30    30    30    30    30    30    30    70    70    70    70    70    70    70 \010792 10266 10417 11265  9818  9383  9413 10813 10285 10446 11265  9824  9383  9433 1 0 1 0 0 0 0 1 0 1 0 0 0 0   224   224   224   224   224   224   224 11396 10271 10635 11266  9818  9383  9425    14    30    30    30    30    30    30    30    70    70    70    70    70    70    70 \010792 10266 10417 11265  9818  9383  9413 10805 10270 10428 11278  9824  9386  9429 1 0 1 0 0 0 0 1 0 1 0 0 0 0   224   224   224   224   224   224   224 11359 10271 10622 11267  9818  9383  9425    12    30    30    30    30    30    30    30    70    70    70    70    70    70    70 \010792 10266 10417 11265  9818  9383  9413 10804 10266 10412 11269  9815  9381  9424 1 0 1 0 0 0 0 1 0 1 0 0 0 0   224   224   224   224   224   224   224 11324 10271 10609 11267  9818  9383  9425    11    30    30    30    30    30    30    30    70    70    70    70    70    70    70 \010792 10267 10417 11265  9818  9383  9414 10833 10265 10431 11276  9823  9388  9430 1 0 1 0 0 0 0 1 0 1 0 0 0 0   224   224   224   224   224   224   224 11294 10271 10598 11268  9818  9383  9425    10    30    30    30    30    30    30    30    70    70    70    70    70    70    70 \010792 10267 10417 11265  9818  9383  9414 10819 10280 10445 11275  9820  9384  9427 1 0 1 0 0 0 0 1 0 1 0 0 0 0   224   224   224   224   224   224   224 11264 10271 10588 11268  9818  9383  9425     9    30    30    30    30    30    30    30    70    70    70    70    70    70    70 \010792 10267 10417 11265  9818  9383  9414 10833 10280 10418 11266  9820  9382  9422 1 0 1 0 0 0 0 1 0 1 0 0 0 0   224   224   224   224   224   224   224 11237 10272 10577 11268  9818  9383  9425     8    30    30    30    30    30    30    30    70    70    70    70    70    70    70 \010792 10267 10417 11265  9818  9383  9414 10831 10272 10409 11275  9817  9389  9430 1 0 1 0 0 0 0 1 0 1 0 0 0 0   224   224   224   224   224   224   224 11211 10272 10567 11268  9818  9383  9425     8    30    30    30    30    30    30    30    70    70    70    70    70    70    70 \010792 10267 10417 11266  9818  9383  9414 10820 10268 10408 11268  9817  9397  9425 1 0 1 0 0 0 0 1 0 1 0 0 0 0   224   224   224   224   224   224   224 11187 10271 10557 11268  9818  9384  9425     7    30    30    30    30    30    30    30    70    70    70    70    70    70    70 \010792 10267 10417 11266  9818  9383  9414 10831 10288 10418 11267  9819  9379  9423 1 0 1 0 0 0 0 1 0 1 0 0 0 0   224   224   224   224   224   224   224 11165 10272 10548 11268  9818  9384  9425     6    30    30    30    30    30    30    30    70    70    70    70    70    70    70 \010792 10267 10417 11266  9818  9383  9414 10828 10287 10401 11273  9819  9380  9427 1 0 1 0 0 0 0 1 0 1 0 0 0 0   224   224   224   224   224   224   224 11144 10273 10539 11269  9818  9384  9425     6    30    30    30    30    30    30    30    70    70    70    70    70    70    70 \010792 10267 10417 11266  9818  9383  9414 10806 10285 10409 11271  9817  9379  9423 1 0 1 0 0 0 0 1 0 1 0 0 0 0   224   224   224   224   224   224   224 11122 10274 10531 11269  9818  9383  9425     5    30    30    30    30    30    30    30    70    70    70    70    70    70    70 \010792 10267 10417 11266  9818  9383  9414 10799 10297 10410 11261  9817  9387  9422 1 0 1 0 0 0 0 1 0 1 0 0 0 0   224   224   224   224   224   224   224 11102 10275 10523 11268  9818  9383  9425     5    30    30    30    30    30    30    30    70    70    70    70    70    70    70 \010792 10267 10417 11266  9818  9383  9414 10799 10305 10420 11273  9826  9388  9426 1 0 0 0 0 0 0 1 0 1 0 0 0 0   224   224   224   224   224   224   224 11083 10277 10517 11268  9819  9384  9425     4    30    30    30    30    30    30    30    70    70    70    70    70    70    70 \010792 10267 10417 11266  9818  9383  9414 10800 10341 10405 11264  9813  9376  9413 1 0 0 0 0 0 0 1 0 1 0 0 0 0   224   224   224   224   224   224   224 11066 10281 10510 11268  9818  9383  9424     5    30    30    30    30    30    30    30    70    70    70    70    70    70    70 \010792 10268 10417 11266  9818  9383  9415 10809 10512 10407 11263  9816  9381  9423 1 0 0 0 0 0 0 1 0 1 0 0 0 0   224   224   224   224   224   224   224 11049 10296 10503 11268  9818  9383  9424     5    30    30    30    30    30    30    30    70    70    70    70    70    70    70 \010792 10268 10417 11266  9818  9383  9415 10814 12364 10413 11272  9818  9386  9431 0 1 0 0 0 0 0 0 1 0 0 0 0 0   224   224   224   224   224   224   224 11035 10323 10498 11268  9818  9383  9424     9    30    30    30    30    30    30    30    70    70    70    70    70    70    70 
10793 10268 10417 11266  9818  9383  9415 10811 13278 10402 11264  9812  9379  9421 0 1 0 0 0 0 0 0 1 0 0 0 0 0   224   224   224   224   224   224   224 11021 10465 10492 11268  9818  9383  9424    13    30    30    30    30    30    30    30    70    70    70    70    70    70    70 
10793 10268 10417 11266  9818  9383  9415 10817 11689 10413 11271  9826  9381  9421 1 1 0 0 0 0 0 0 1 0 0 0 0 0   224   224   224   224   224   224   224 11008 10626 10487 11268  9818  9383  9424    16    30    30    30    30    30    30    30    70    70    70    70    70    70    70 
10793 10268 10417 11266  9818  9383  9415 10821 10425 10420 11272  9817  9383  9432 1 1 0 0 0 0 0 0 1 0 0 0 0 0   224   224   224   224   224   224   224 10996 10679 10482 11268  9818  9383  9424    19    30    30    30    30    30    30    30    70    70    70    70    70    70    70 
10793 10268 10417 11266  9818  9383  9415 10815 10331 10416 11261  9811  9381  9416 1 1 0 0 0 0 0 0 1 0 0 0 0 0   224   224   224   224   224   224   224 10985 10657 10478 11268  9817  9383  9424    17    30    30    30    30    30    30    30    70    70    70    70    70    70    70 
10793 10268 10417 11267  9818  9383  9415 10845 10311 10417 11271  9823  9394  9431 1 1 0 0 0 0 0 0 1 0 0 0 0 0   224   224   224   224   224   224   224 10976 10635 10474 11268  9818  9383  9424    16    30    30    30    30    30    30    30    70    70    70    70    70    70    70 
10793 10268 10417 11267  9818  9383  9415 10852 10288 10423 11275  9814  9387  9425 1 1 0 0 0 0 0 0 1 0 0 0 0 0   224   224   224   224   224   224   224 10968 10614 10471 11268  9818  9383  9424    14    30    30    30    30    30    30    30    70    70    70    70    70    70    70 
10793 10268 10417 11267  9818  9383  9415 10874 10268 10409 11264  9816  9378  9424 1 1 0 0 0 0 0 0 1 0 0 0 0 0   224   224   224   224   224   224   224 10962 10592 10467 11268  9817  9383  9424    13    30    30    30    30    30    30    30    70    70    70    70    70    70    70 
10793 10268 10417 11267  9818  9383  9415 10918 10275 10415 11270  9819  9383  9424 1 1 0 0 0 0 0 0 1 0 0 0 0 0   224   224   224   224   224   224   224 10960 10572 10464 11268  9817  9383  9424    12    30    30    30    30    30    30    30    70    70    70    70    70    70    70 
10793 10268 10418 11267  9818  9383  9415 11948 10278 10433 11269  9818  9386  9424 1 1 0 0 0 0 0 0 1 0 0 0 0 0   224   224   224   224   224   224   224 10971 10554 10462 11268  9817  9383  9424    15    30    30    30    30    30    30    30    70    70    70    70    70    70    70 
10793 10268 10418 11267  9818  9383  9416 14636 10271 10422 11266  9812  9380  9428 1 1 0 0 0 0 0 0 1 0 0 0 0 0   224   224   224   224   224   224   224 11046 10536 10459 11268  9817  9383  9424    18    30    30    30    30    30    30    30    70    70    70    70    70    70    70 
10793 10268 10418 11267  9818  9383  9416 14750 10275 10430 11268  9823  9388  9432 1 1 0 0 0 0 0 0 1 0 0 0 0 0   224   224   224   224   224   224   224 11277 10520 10458 11268  9817  9383  9425    17    30    30    30    30    30    30    30    70    70    70    70    70    70    70 
10793 10268 10418 11267  9818  9383  9416 11080 10267 10417 11263  9820  9384  9431 1 1 0 0 0 0 0 0 1 0 0 0 0 0   224   224   224   224   224   224   224 11480 10504 10455 11268  9818  9383  9425    19    30    30    30    30    30    30    30    70    70    70    70    70    70    70 
10793 10268 10418 11267  9818  9383  9416 10900 10268 10432 11267  9816  9385  9423 1 1 0 0 0 0 0 0 1 0 0 0 0 0   224   224   224   224   224   224   224 11444 10489 10454 11267  9817  9383  9425    18    30    30    30    30    30    30    30    70    70    70    70    70    70    70 
10793 10268 10418 11267  9818  9383  9416 10831 10270 10456 11273  9820  9384  9429 1 1 0 0 0 0 0 0 1 0 0 0 0 0   224   224   224   224   224   224   224 11406 10475 10454 11268  9818  9383  9425    17    30    30    30    30    30    30    30    70    70    70    70    70    70    70 
10793 10268 10418 11267  9818  9383  9416 10805 10270 10467 11264  9820  9380  9425 1 1 0 0 0 0 0 0 1 0 0 0 0 0   224   224   224   224   224   224   224 11368 10462 10454 11268  9818  9383  9425    15    30    30    30    30    30    30    30    70    70    70    70    70    70    70 
10793 10268 10418 11267  9818  9383  9416 10796 10261 10482 11264  9813  9377  9426 1 1 0 0 0 0 0 1 1 0 0 0 0 0   224   224   224   224   224   224   224 11332 10450 10456 11267  9817  9383  9425    13    30    30    30    30    30    30    30    70    70    70    70    70    70    70 \010793 10268 10418 11267  9818  9383  9416 10796 10269 10597 11267  9821  9389  9431 1 1 0 0 0 0 0 1 1 0 0 0 0 0   224   224   224   224   224   224   224 11299 10439 10465 11267  9818  9383  9426    13    30    30    30    30    30    30    30    70    70    70    70    70    70    70 \010793 10268 10418 11267  9818  9383  9416 10798 10265 12747 11262  9812  9380  9423 1 1 0 0 0 0 0 1 1 0 0 0 0 0   224   224   224   224   224   224   224 11268 10428 10487 11267  9817  9383  9425    16    30    30    30    30    30    30    30    70    70    70    70    70    70    70 \010793 10268 10418 11267  9818  9383  9416 10792 10268 15019 11265  9817  9378  9422 1 1 0 0 0 0 0 1 1 0 0 0 0 0   224   224   224   224   224   224   224 11238 10418 10642 11267  9817  9383  9425    19    30    30    30    30    30    30    30    70    70    70    70    70    70    70 \010793 10268 10418 11267  9817  9383  9416 10794 10270 15302 11272  9819  9385  9429 1 1 1 0 0 0 0 1 1 0 0 0 0 0   224   224   224   224   224   224   224 11210 10408 10930 11267  9817  9383  9425    19    30    30    30    30    30    30    30    70    70    70    70    70    70    70 \010793 10268 10418 11267  9817  9383  9417 10790 10266 12151 11263  9819  9379  9418 1 1 1 0 0 0 0 1 1 0 0 0 0 0   224   224   224   224   224   224   224 11184 10399 11189 11267  9817  9382  9425    21    30    30    30    30    30    30    30    70    70    70    70    70    70    70 \010793 10268 10418 11267  9817  9383  9417 10804 10271 10510 11265  9817  9376  9420 1 1 1 0 0 0 0 1 1 0 0 0 0 0   224   224   224   224   224   224   224 11160 10391 11235 11267  9817  9382  9424    23    30    30    30    30    30    30    30    70    70    70    70    70    70    70 \010793 10268 10418 11267  9817  9383  9417 10808 10271 10438 11270  9821  9386  9428 1 1 1 0 0 0 0 1 1 0 0 0 0 0   224   224   224   224   224   224   224 11138 10384 11185 11267  9817  9382  9425    21    30    30    30    30    30    30    30    70    70    70    70    70    70    70 \010793 10268 10418 11267  9817  9383  9417 10802 10266 10411 11265  9819  9378  9422 1 1 1 0 0 0 0 1 1 0 0 0 0 0   224   224   224   224   224   224   224 11117 10376 11137 11267  9818  9382  9424    19    30    30    30    30    30    30    30    70    70    70    70    70    70    70 \010793 10268 10418 11267  9817  9383  9417 10818 10275 10424 11270  9822  9389  9426 1 0 1 0 0 0 0 1 1 0 0 0 0 0   224   224   224   224   224   224   224 11098 10370 11092 11267  9818  9382  9425    17    30    30    30    30    30    30    30    70    70    70    70    70    70    70 \010793 10268 10418 11267  9817  9383  9417 10836 10280 10416 11270  9823  9387  9427 1 0 1 0 0 0 0 1 1 0 0 0 0 0   224   224   224   224   224   224   224 11082 10364 11050 11267  9818  9383  9425    15    30    30    30    30    30    30    30    70    70    70    70    70    70    70 \010793 10268 10418 11267  9817  9383  9417 11321 10270 10410 11266  9815  9380  9419 1 0 1 0 0 0 0 1 1 0 0 0 0 0   224   224   224   224   224   224   224 11080 10358 11010 11267  9818  9382  9424    17    30    30    30    30    30    30    30    70    70    70    70    70    70    70 \010793 10268 10418 11267  9817  9383  9417 13634 10270 10423 11268  9822  9386  9429 1 0 1 0 0 0 0 1 1 0 0 0 0 0   224   224   224   224   224   224   224 11109 10353 10973 11267  9818  9383  9425    20    30    30    30    30    30    30    30    70    70    70    70    70    70    70 \010793 10268 10418 11267  9817  9383  9417 14380 10277 10431 11268  9825  9387  9428 1 0 1 0 0 0 0 1 1 0 0 0 0 0   224   224   224   224   224   224   224 11281 10348 10939 11267  9818  9383  9425    22    30    30    30    30    30    30    30    70    70    70    70    70    70    70 \010793 10268 10418 11267  9817  9383  9417 12670 10272 10420 11263  9813  9382  9417 1 0 1 0 0 0 0 1 1 0 0 0 0 0   224   224   224   224   224   224   224 11461 10343 10907 11267  9818  9383  9424    24    30    30    30    30    30    30    30    70    70    70    70    70    70    70 \010793 10268 10418 11267  9817  9383  9417 10905 10289 10417 11270  9822  9390  9425 1 0 1 0 0 0 0 1 1 0 0 0 0 0   224   224   224   224   224   224   224 11522 10340 10876 11267  9818  9383  9424    26    30    30    30    30    30    30    30    70    70    70    70    70    70    70 \010793 10268 10418 11267  9817  9383  9418 10806 10290 10404 11275  9820  9383  9428 1 0 1 0 0 0 0 1 1 0 0 0 0 0   224   224   224   224   224   224   224 11478 10337 10847 11267  9818  9383  9424    23    30    30    30    30    30    30    30    70    70    70    70    70    70    70 \010793 10268 10418 11267  9817  9383  9418 10797 10300 10409 11265  9818  9382  9420 1 0 1 0 0 0 0 1 1 1 0 0 0 0   224   224   224   224   224   224   224 11435 10334 10819 11267  9818  9383  9424    21    30    30    30    30    30    30    30    70    70    70    70    70    70    70 \010793 10268 10418 11267  9818  9383  9418 10793 10302 10415 11270  9824  9387  9424 1 0 1 0 0 0 0 1 1 1 0 0 0 0   224   224   224   224   224   224   224 11395 10332 10794 11267  9819  9383  9424    18    30    30    30    30    30    30    30    70    70    70    70    70    70    70 \010793 10269 10418 11267  9818  9383  9418 10797 10342 10401 11264  9820  9382  9432 1 0 1 0 0 0 0 1 1 1 0 0 0 0   224   224   224   224   224   224   224 11357 10333 10769 11267  9819  9383  9425    17    30    30    30    30    30    30    30    70    70    70    70    70    70    70 \010793 10269 10418 11267  9818  9383  9418 10805 12154 10405 11264  9811  9379  9418 1 0 1 0 0 0 0 1 1 1 0 0 0 0   224   224   224   224   224   224   224 11323 10347 10747 11267  9818  9383  9424    19    30    30    30    30    30    30    30    70    70    70    70    70    70    70 \010793 10269 10418 11267  9818  9383  9418 10807 13975 10413 11270  9823  9391  9426 1 0 1 0 0 0 0 1 1 1 0 0 0 0   224   224   224   224   224   224   224 11291 10474 10726 11267  9818  9383  9424    22    30    30    30    30    30    30    30    70    70    70    70    70    70    70 \010793 10269 10418 11267  9818  9383  9418 10798 12938 10406 11263  9812  9378  9418 1 1 1 0 0 0 0 1 1 1 0 0 0 0   224   224   224   224   224   224   224 11260 10679 10706 11267  9818  9383  9424    24    30    30    30    30    30    30    30    70    70    70    70    70    70    70 \010793 10269 10418 11267  9818  9383  9418 10811 10463 10403 11265  9819  9382  9418 1 1 1 0 0 0 0 1 1 1 0 0 0 0   224   224   224   224   224   224   224 11232 10806 10687 11267  9818  9383  9423    25    30    30    30    30    30    30    30    70    70    70    70    70    70    70 \010793 10269 10418 11267  9818  9383  9418 10795 10346 10408 11272  9822  9387  9426 1 1 1 0 0 0 0 1 1 1 0 0 0 0   224   224   224   224   224   224   224 11204 10777 10669 11267  9818  9383  9424    23    30    30    30    30    30    30    30    70    70    70    70    70    70    70 \010793 10269 10418 11267  9818  9383  9418 10809 10304 10404 11264  9818  9386  9422 1 1 1 0 0 0 0 1 1 1 0 0 0 0   224   224   224   224   224   224   224 11180 10748 10653 11267  9818  9383  9423    21    30    30    30    30    30    30    30    70    70    70    70    70    70    70 \010793 10269 10418 11267  9818  9383  9418 10818 10301 10404 11265  9817  9379  9416 1 1 1 0 0 0 0 1 1 1 0 0 0 0   224   224   224   224   224   224   224 11157 10720 10637 11267  9818  9383  9423    19    30    30    30    30    30    30    30    70    70    70    70    70    70    70 \010793 10269 10418 11267  9818  9383  9419 10866 10289 10410 11273  9822  9387  9429 1 1 1 0 0 0 0 1 1 1 0 0 0 0   224   224   224   224   224   224   224 11139 10693 10623 11267  9818  9383  9423    17    30    30    30    30    30    30    30    70    70    70    70    70    70    70 \010793 10269 10418 11267  9818  9383  9419 10948 10278 10415 11266  9816  9376  9416 1 1 1 0 0 0 0 1 1 1 0 0 0 0   224   224   224   224   224   224   224 11127 10667 10610 11267  9818  9383  9423    16    30    30    30    30    30    30    30    70    70    70    70    70    70    70 \010793 10269 10418 11267  9818  9383  9419 13548 10286 10426 11269  9823  9386  9424 1 1 1 0 0 0 0 1 1 1 0 0 0 0   224   224   224   224   224   224   224 11130 10643 10598 11267  9818  9383  9423    19    30    30    30    30    30    30    30    70    70    70    70    70    70    70 \010793 10269 10418 11267  9818  9383  9419 15882 10283 10421 11269  9825  9386  9428 1 1 1 0 0 0 0 1 1 1 0 0 0 0   224   224   224   224   224   224   224 11295 10621 10587 11267  9819  9383  9423    21    30    30    30    30    30    30    30    70    70    70    70    70    70    70 \010793 10269 10418 11267  9818  9383  9419 15017 10293 10409 11264  9816  9381  9420 1 1 1 0 0 0 0 1 1 1 0 0 0 0   224   224   224   224   224   224   224 11567 10600 10576 11267  9819  9383  9423    23    30    30    30    30    30    30    30    70    70    70    70    70    70    70 \010793 10269 10418 11267  9818  9383  9419 11183 10285 10427 11275  9824  9390  9428 1 1 1 0 0 0 0 1 1 1 0 0 0 0   224   224   224   224   224   224   224 11769 10580 10567 11267  9819  9383  9423    25    30    30    30    30    30    30    30    70    70    70    70    70    70    70 \010793 10269 10418 11267  9818  9383  9419 10894 10282 10425 11274  9822  9388  9426 1 1 1 0 0 0 0 1 1 1 0 0 0 0   224   224   224   224   224   224   224 11718 10562 10558 11268  9819  9384  9423    24    30    30    30    30    30    30    30    70    70    70    70    70    70    70 \010793 10269 10418 11267  9818  9383  9419 10838 10272 10436 11260  9815  9383  9418 1 1 1 0 0 0 0 1 1 1 0 0 0 0   224   224   224   224   224   224   224 11663 10544 10550 11267  9819  9383  9423    22    30    30    30    30    30    30    30    70    70    70    70    70    70    70 \010793 10269 10418 11267  9818  9383  9419 10815 10269 10455 11271  9825  9386  9428 1 1 1 0 0 0 0 1 1 1 0 0 0 0   224   224   224   224   224   224   224 11610 10526 10544 11267  9819  9384  9423    20    30    30    30    30    30    30    30    70    70    70    70    70    70    70 \010793 10269 10418 11268  9818  9383  9419 10810 10252 10464 11277  9821  9385  9426 1 1 1 0 0 0 0 1 1 1 0 0 0 0   224   224   224   224   224   224   224 11560 10509 10539 11268  9819  9384  9423    17    30    30    30    30    30    30    30    70    70    70    70    70    70    70 \010793 10269 10418 11268  9818  9383  9419 10798 10273 10619 11259  9813  9380  9420 1 1 1 0 0 0 0 1 1 1 0 0 0 0   224   224   224   224   224   224   224 11513 10494 10544 11267  9819  9383  9423    17    30    30    30    30    30    30    30    70    70    70    70    70    70    70 \010793 10269 10418 11268  9818  9383  9420 10792 10269 12897 11268  9821  9389  9425 1 1 1 0 0 0 0 1 1 1 0 0 0 0   224   224   224   224   224   224   224 11467 10480 10563 11267  9819  9384  9423    20    30    30    30    30    30    30    30    70    70    70    70    70    70    70 \010793 10269 10418 11268  9819  9383  9420 10795 10264 14414 11264  9820  9380  9420 1 1 1 0 0 0 0 1 1 1 0 0 0 0   224   224   224   224   224   224   224 11425 10467 10723 11267  9819  9383  9423    22    30    30    30    30    30    30    30    70    70    70    70    70    70    70 \010793 10269 10418 11268  9819  9383  9420 10795 10261 16570 11268  9816  9378  9420 1 1 1 0 0 0 0 1 1 1 0 0 0 0   224   224   224   224   224   224   224 11386 10454 10967 11267  9819  9383  9423    24    30    30    30    30    30    30    30    70    70    70    70    70    70    70 \010793 10269 10418 11268  9819  9383  9420 10799 10266 15270 11274  9822  9384  9426 1 1 1 0 0 0 0 1 1 1 0 0 0 0   224   224   224   224   224   224   224 11349 10442 11303 11268  9819  9383  9423    25    30    30    30    30    30    30    30    70    70    70    70    70    70    70 \010793 10269 10418 11268  9819  9383  9420 10796 10266 11971 11267  9819  9378  9419 1 1 1 0 0 0 0 1 1 1 0 0 0 0   224   224   224   224   224   224   224 11315 10431 11537 11267  9819  9383  9423    27    30    30    30    30    30    30    30    70    70    70    70    70    70    70 \010793 10269 10418 11268  9819  9383  9420 10791 10260 10529 11262  9814  9382  9420 1 1 1 0 0 0 0 1 1 1 0 0 0 0   224   224   224   224   224   224   224 11282 10420 11550 11267  9819  9383  9422    28    30    30    30    30    30    30    30    70    70    70    70    70    70    70 \010793 10269 10418 11268  9819  9383  9420 10813 10272 10460 11273  9818  9385  9425 1 1 1 0 0 0 0 1 1 1 0 0 0 0   224   224   224   224   224   224   224 11253 10411 11482 11267  9818  9383  9423    26    30    30    30    30    30    30    30    70    70    70    70    70    70    70 \010793 10269 10418 11268  9819  9383  9420 10808 10273 10421 11270  9811  9375  9419 1 1 1 0 0 0 0 1 1 1 0 0 0 0   224   224   224   224   224   224   224 11225 10402 11416 11268  9818  9382  9422    23    30    30    30    30    30    30    30    70    70    70    70    70    70    70 \010793 10269 10418 11268  9819  9383  9420 10830 10280 10430 11276  9817  9381  9419 1 1 1 0 0 0 0 1 1 1 0 0 0 0   224   224   224   224   224   224   224 11200 10395 11354 11268  9818  9382  9422    20    30    30    30    30    30    30    30    70    70    70    70    70    70    70 \010793 10269 10418 11268  9819  9383  9420 10873 10282 10416 11275  9817  9391  9422 1 1 1 0 0 0 0 1 1 1 0 0 0 0   224   224   224   224   224   224   224 11180 10388 11296 11268  9818  9383  9422    18    30    30    30    30    30    30    30    70    70    70    70    70    70    70 \010793 10269 10418 11268  9819  9383  9420 11055 10262 10417 11258  9813  9374  9415 1 1 1 0 0 0 0 1 1 1 0 0 0 0   224   224   224   224   224   224   224 11172 10380 11241 11268  9817  9382  9422    18    30    30    30    30    30    30    30    70    70    70    70    70    70    70 \010793 10269 10418 11268  9819  9383  9421 13867 10277 10440 11276  9817  9388  9425 1 0 1 0 0 0 0 1 1 1 0 0 0 0   224   224   224   224   224   224   224 11178 10373 11191 11268  9817  9382  9422    21    30    30    30    30    30    30    30    70    70    70    70    70    70    70 \010793 10269 10418 11268  9819  9383  9421 16255 10273 10445 11265  9818  9387  9423 1 0 1 0 0 0 0 1 1 1 0 0 0 0   224   224   224   224   224   224   224 11360 10367 11144 11268  9817  9383  9422    23    30    30    30    30    30    30    30    70    70    70    70    70    70    70 \010793 10269 10418 11268  9819  9383  9421 14115 10269 10437 11261  9808  9379  9419 1 0 1 0 0 0 0 1 1 1 0 0 0 0   224   224   224   224   224   224   224 11652 10361 11100 11268  9817  9382  9422    25    30    30    30    30    30    30    30    70    70    70    70    70    70    70 \010793 10269 10418 11268  9819  9383  9421 11223 10283 10430 11267  9824  9391  9434 1 0 1 0 0 0 0 1 1 1 0 0 0 0   224   224   224   224   224   224   224 11792 10356 11058 11267  9817  9383  9422    27    30    30    30    30    30    30    30    70    70    70    70    70    70    70 \010793 10269 10418 11268  9819  9383  9421 10851 10291 10405 11263  9820  9391  9419 1 0 1 0 0 0 0 1 1 1 0 0 0 0   224   224   224   224   224   224   224 11743 10352 11017 11267  9817  9383  9422    27    30    30    30    30    30    30    30    70    70    70    70    70    70    70 \010793 10269 10418 11268  9818  9383  9421 10805 10286 10415 11256  9811  9381  9422 1 0 1 0 0 0 0 1 1 1 0 0 0 0   224   224   224   224   224   224   224 11684 10348 10979 11266  9817  9383  9422    24    30    30    30    30    30    30    30    70    70    70    70    70    70    70 \010793 10269 10418 11267  9818  9383  9421 10798 10318 10414 11273  9826  9390  9427 1 0 1 0 0 0 0 1 1 1 0 0 0 0   224   224   224   224   224   224   224 11629 10346 10944 11267  9817  9384  9422    21    30    30    30    30    30    30    30    70    70    70    70    70    70    70 \010793 10269 10418 11267  9818  9383  9421 10794 10399 10409 11279  9822  9384  9418 1 0 1 0 0 0 0 1 1 1 0 0 0 0   224   224   224   224   224   224   224 11576 10349 10910 11268  9818  9384  9422    20    30    30    30    30    30    30    30    70    70    70    70    70    70    70 \010793 10270 10418 11267  9818  9383  9421 10801 15435 10403 11259  9818  9381  9419 1 0 1 0 0 0 0 1 1 1 0 0 0 0   224   224   224   224   224   224   224 11528 10366 10879 11267  9818  9383  9422    22    30    30    30    30    30    30    30    70    70    70    70    70    70    70 \010793 10270 10418 11267  9818  9383  9421 10813 22586 10411 11271  9825  9389  9424 1 0 1 0 0 0 0 1 1 1 0 0 0 0   224   224   224   224   224   224   224 11483 10697 10849 11267  9818  9384  9422    24    30    30    30    30    30    30    30    70    70    70    70    70    70    70 \010793 10270 10418 11267  9818  9383  9421 10805 15159 10402 11269  9813  9379  9421 1 1 1 0 0 0 0 1 1 1 0 0 0 0   224   224   224   224   224   224   224 11441 11426 10821 11267  9818  9383  9422    26    30    30    30    30    30    30    30    70    70    70    70    70    70    70 \010793 10270 10418 11267  9818  9383  9422 10806 11121 10403 11259  9813  9379  9421 1 1 1 0 0 0 0 1 1 1 0 0 0 0   224   224   224   224   224   224   224 11401 11645 10795 11267  9817  9383  9422    27    30    30    30    30    30    30    30    70    70    70    70    70    70    70 \010793 10270 10418 11267  9818  9383  9422 10795 10402 10409 11271  9821  9387  9420 1 1 1 0 0 0 0 1 1 1 0 0 0 0   224   224   224   224   224   224   224 11363 11598 10771 11267  9818  9383  9422    29    30    30    30    30    30    30    30    70    70    70    70    70    70    70 \010793 10270 10418 11267  9818  9383  9422 10806 10326 10408 11263  9817  9382  9415 1 1 1 0 0 0 0 1 1 1 0 0 0 0   224   224   224   224   224   224   224 11328 11519 10748 11267  9818  9383  9421    26    30    30    30    30    30    30    30    70    70    70    70    70    70    70 \010793 10270 10418 11267  9818  9383  9422 10813 10293 10408 11266  9814  9378  9412 1 1 1 0 0 0 0 1 1 1 0 0 0 0   224   224   224   224   224   224   224 11296 11442 10727 11267  9817  9383  9421    23    30    30    30    30    30    30    30    70    70    70    70    70    70    70 \010793 10270 10418 11267  9818  9383  9422 10891 10283 10419 11273  9822  9393  9421 1 1 1 0 0 0 0 1 1 1 0 0 0 0   224   224   224   224   224   224   224 11271 11370 10708 11267  9818  9383  9421    21    30    30    30    30    30    30    30    70    70    70    70    70    70    70 \010793 10270 10418 11267  9818  9383  9422 11251 10272 10421 11267  9810  9379  9415 1 1 1 0 0 0 0 1 1 1 0 0 0 0   224   224   224   224   224   224   224 11261 11301 10690 11267  9817  9383  9420    21    30    30    30    30    30    30    30    70    70    70    70    70    70    70 \010793 10270 10418 11267  9818  9383  9422 15408 10275 10434 11270  9810  9381  9412 1 1 1 0 0 0 0 1 1 1 0 0 0 0   224   224   224   224   224   224   224 11274 11237 10674 11267  9817  9383  9420    23    30    30    30    30    30    30    30    70    70    70    70    70    70    70 \010793 10270 10418 11267  9818  9383  9422 16918 10275 10431 11265  9820  9386  9422 1 1 1 0 0 0 0 1 1 1 0 0 0 0   224   224   224   224   224   224   224 11547 11177 10659 11267  9817  9383  9420    25    30    30    30    30    30    30    30    70    70    70    70    70    70    70 \010793 10270 10418 11267  9818  9383  9422 14466 10278 10433 11261  9816  9378  9412 1 1 1 0 0 0 0 1 1 1 0 0 0 0   224   224   224   224   224   224   224 11868 11121 10644 11267  9817  9383  9419    27    30    30    30    30    30    30    30    70    70    70    70    70    70    70 \010793 10270 10418 11267  9818  9383  9422 11001 10276 10442 11272  9822  9388  9423 1 1 1 0 0 0 0 1 1 1 0 0 0 0   224   224   224   224   224   224   224 12017 11068 10632 11267  9817  9383  9419    28    30    30    30    30    30    30    30    70    70    70    70    70    70    70 \010793 10270 10418 11267  9818  9383  9422 10813 10273 10437 11273  9823  9388  9417 1 1 1 0 0 0 0 1 1 1 0 0 0 0   224   224   224   224   224   224   224 11941 11018 10620 11267  9817  9383  9419    26    30    30    30    30    30    30    30    70    70    70    70    70    70    70 \010793 10270 10418 11267  9818  9383  9422 10793 10263 10433 11264  9817  9379  9419 1 1 1 0 0 0 0 1 1 1 0 0 0 0   224   224   224   224   224   224   224 11870 10971 10608 11267  9817  9383  9419    23    30    30    30    30    30    30    30    70    70    70    70    70    70    70 \010793 10270 10418 11267  9818  9383  9421 10798 10272 10440 11268  9822  9387  9422 1 1 1 0 0 0 0 1 1 1 0 0 0 0   224   224   224   224   224   224   224 11803 10927 10597 11267  9818  9383  9419    21    30    30    30    30    30    30    30    70    70    70    70    70    70    70 \010793 10270 10418 11267  9818  9383  9421 10803 10272 10535 11269  9822  9390  9427 1 1 1 0 0 0 0 1 1 1 0 0 0 0   224   224   224   224   224   224   224 11740 10886 10593 11267  9818  9384  9420    19    30    30    30    30    30    30    30    70    70    70    70    70    70    70 \010793 10270 10418 11267  9818  9383  9421 10790 10266 15788 11266  9819  9381  9418 1 1 1 0 0 0 0 1 1 1 0 0 0 0   224   224   224   224   224   224   224 11681 10847 10604 11267  9818  9383  9420    21    30    30    30    30    30    30    30    70    70    70    70    70    70    70 \010793 10270 10418 11267  9818  9383  9421 10798 10273 19072 11271  9823  9389  9423 1 1 1 0 0 0 0 1 1 1 0 0 0 0   224   224   224   224   224   224   224 11625 10811 10942 11267  9818  9384  9420    23    30    30    30    30    30    30    30    70    70    70    70    70    70    70 \010793 10270 10418 11267  9818  9383  9421 10785 10268 14383 11266  9825  9390  9423 1 1 1 0 0 0 0 1 1 1 0 0 0 0   224   224   224   224   224   224   224 11573 10777 11436 11267  9819  9384  9420    25    30    30    30    30    30    30    30    70    70    70    70    70    70    70 \010793 10270 10418 11267  9818  9383  9421 10792 10265 10520 11265  9819  9380  9414 1 1 1 0 0 0 0 1 1 1 0 0 0 0   224   224   224   224   224   224   224 11524 10745 11606 11267  9819  9384  9420    27    30    30    30    30    30    30    30    70    70    70    70    70    70    70 \010793 10270 10418 11267  9818  9383  9421 10793 10271 10435 11274  9823  9385  9421 1 1 1 0 0 0 0 1 1 1 0 0 0 0   224   224   224   224   224   224   224 11478 10716 11533 11267  9819  9384  9420    24    30    30    30    30    30    30    30    70    70    70    70    70    70    70 \010793 10270 10418 11267  9818  9383  9421 10785 10270 10409 11262  9813  9379  9412 1 1 1 0 0 0 0 1 1 1 0 0 0 0   224   224   224   224   224   224   224 11435 10688 11463 11267  9818  9384  9419    22    30    30    30    30    30    30    30    70    70    70    70    70    70    70 \010793 10270 10418 11267  9818  9383  9421 10784 10265 10401 11263  9814  9381  9419 1 1 1 0 0 0 0 1 1 1 0 0 0 0   224   224   224   224   224   224   224 11394 10661 11396 11267  9818  9383  9419    19    30    30    30    30    30    30    30    70    70    70    70    70    70    70 \010793 10270 10418 11267  9818  9383  9421 10790 10271 10414 11266  9824  9387  9421 1 1 1 0 0 0 0 1 1 1 0 0 0 0   224   224   224   224   224   224   224 11356 10637 11335 11267  9818  9384  9419    17    30    30    30    30    30    30    30    70    70    70    70    70    70    70 \010793 10270 10418 11267  9818  9383  9421 10784 10264 10407 11262  9814  9379  9415 1 1 1 0 0 0 0 1 1 1 0 0 0 0   224   224   224   224   224   224   224 11321 10614 11277 11266  9818  9383  9419    15    30    30    30    30    30    30    30    70    70    70    70    70    70    70 \010793 10270 10418 11267  9818  9383  9420 10787 10265 10400 11265  9815  9379  9413 1 1 1 0 0 0 0 1 1 1 0 0 0 0   224   224   224   224   224   224   224 11287 10592 11222 11266  9818  9383  9418    13    30    30    30    30    30    30    30    70    70    70    70    70    70    70 \010793 10270 10418 11267  9818  9383  9420 10786 10269 10405 11270  9820  9388  9417 1 1 1 0 0 0 0 1 1 1 0 0 0 0   224   224   224   224   224   224   224 11256 10572 11171 11266  9818  9383  9418    12    30    30    30    30    30    30    30    70    70    70    70    70    70    70 \010793 10270 10418 11267  9818  9383  9420 10784 10265 10402 11263  9814  9377  9413 1 1 1 0 0 0 0 1 1 1 0 0 0 0   224   224   224   224   224   224   224 11226 10552 11123 11266  9818  9383  9418    10    30    30    30    30    30    30    30    70    70    70    70    70    70    70 \010793 10270 10418 11267  9818  9383  9420 10789 10272 10409 11270  9822  9381  9418 1 1 1 0 0 0 0 1 1 1 0 0 0 0   224   224   224   224   224   224   224 11199 10535 11078 11266  9818  9383  9418     9    30    30    30    30    30    30    30    70    70    70    70    70    70    70 \010793 10270 10418 11267  9818  9383  9420 10792 10268 10405 11267  9820  9387  9422 1 1 1 0 0 0 0 1 1 1 0 0 0 0   224   224   224   224   224   224   224 11174 10518 11036 11266  9818  9383  9418     8    30    30    30    30    30    30    30    70    70    70    70    70    70    70 \010793 10270 10418 11267  9818  9383  9420 10782 10264 10402 11264  9817  9379  9417 1 1 1 0 0 0 0 1 1 1 0 0 0 0   224   224   224   224   224   224   224 11149 10502 10996 11266  9818  9383  9418     7    30    30    30    30    30    30    30    70    70    70    70    70    70    70 \010793 10270 10418 11267  9818  9383  9420 10793 10271 10411 11271  9820  9387  9421 1 1 1 0 0 0 0 1 1 1 0 0 0 0   224   224   224   224   224   224   224 11127 10488 10960 11266  9818  9383  9418     7    30    30    30    30    30    30    30    70    70    70    70    70    70    70 \010793 10270 10418 11267  9818  9383  9420 10795 10268 10410 11269  9824  9387  9425 1 1 1 0 0 0 0 1 1 1 0 0 0 0   224   224   224   224   224   224   224 11106 10474 10925 11267  9818  9383  9419     6    30    30    30    30    30    30    30    70    70    70    70    70    70    70 \010793 10270 10418 11267  9818  9383  9420 10771 10263 10399 11261  9815  9381  9413 1 1 1 0 0 0 0 1 1 1 0 0 0 0   224   224   224   224   224   224   224 11085 10461 10892 11266  9818  9383  9418     6    30    30    30    30    30    30    30    70    70    70    70    70    70    70 \010793 10270 10418 11267  9818  9383  9420 10793 10270 10404 11271  9822  9386  9423 1 1 1 0 0 0 0 1 1 1 0 0 0 0   224   224   224   224   224   224   224 11067 10449 10862 11266  9818  9383  9419     5    30    30    30    30    30    30    30    70    70    70    70    70    70    70 \010793 10270 10418 11267  9818  9383  9420 10784 10278 10403 11270  9823  9387  9419 1 1 1 0 0 0 0 1 1 1 0 0 0 0   224   224   224   224   224   224   224 11049 10438 10833 11267  9819  9383  9419     5    30    30    30    30    30    30    30    70    70    70    70    70    70    70 \010793 10270 10418 11267  9818  9383  9419 10770 10271 10403 11264  9818  9380  9414 1 1 1 0 0 0 0 1 1 1 0 0 0 0   224   224   224   224   224   224   224 11032 10428 10806 11266  9819  9383  9418     4    30    30    30    30    30    30    30    70    70    70    70    70    70    70 \010793 10270 10418 11267  9818  9383  9419 10791 10278 10405 11273  9821  9386  9418 1 1 1 0 0 0 0 1 1 1 0 0 0 0   224   224   224   224   224   224   224 11016 10418 10781 11267  9819  9383  9418     4    30    30    30    30    30    30    30    70    70    70    70    70    70    70 \010793 10270 10418 11267  9818  9383  9419 10782 10254 10406 11264  9817  9392  9419 1 1 1 0 0 0 0 1 1 1 0 0 0 0   224   224   224   224   224   224   224 11002 10408 10758 11267  9819  9384  9418     4    30    30    30    30    30    30    30    70    70    70    70    70    70    70 \010793 10270 10418 11266  9818  9383  9419 10785 10266 10399 11262  9818  9377  9415 0 0 0 0 0 0 0 0 0 0 0 0 0 0   224   224   224   224   224   224   224 10988 10399 10735 11266  9818  9383  9418     4    30    30    30    30    30    30    30    70    70    70    70    70    70    70 
10793 10270 10418 11266  9818  9383  9419 10797 10268 10413 11272  9822  9387  9420 0 0 0 0 0 0 0 0 0 0 0 0 0 0   224   224   224   224   224   224   224 10976 10391 10715 11267  9819  9383  9418     4    30    30    30    30    30    30    30    70    70    70    70    70    70    70 
10793 10270 10418 11266  9818  9383  9419 10781 10254 10402 11262  9818  9380  9417 0 0 0 0 0 0 0 0 0 0 0 0 0 0   224   224   224   224   224   224   224 10964 10382 10695 11266  9819  9383  9418     3    30    30    30    30    30    30    30    70    70    70    70    70    70    70 
10793 10270 10418 11266  9818  9383  9419 10780 10258 10402 11263  9816  9380  9412 0 0 0 0 0 0 0 0 0 0 0 0 0 0   224   224   224   224   224   224   224 10952 10374 10677 11266  9818  9383  9418     3    30    30    30    30    30    30    30    70    70    70    70    70    70    70 
10793 10270 10418 11266  9818  9383  9419 10792 10260 10403 11273  9820  9386  9421 0 0 0 0 0 0 0 0 0 0 0 0 0 0   224   224   224   224   224   224   224 10942 10367 10660 11266  9818  9383  9418     3    30    30    30    30    30    30    30    70    70    70    70    70    70    70 
10793 10270 10418 11266  9818  9383  9419 10783 10266 10402 11263  9816  9378  9411 0 0 0 0 0 0 0 0 0 0 0 0 0 0   224   224   224   224   224   224   224 10932 10361 10644 11266  9818  9383  9417     3    30    30    30    30    30    30    30    70    70    70    70    70    70    70 
10793 10270 10418 11266  9818  9383  9419 10779 10262 10400 11262  9819  9377  9413 0 0 0 0 0 0 0 0 0 0 0 0 0 0   224   224   224   224   224   224   224 10923 10355 10628 11266  9818  9382  9417     2    30    30    30    30    30    30    30    70    70    70    70    70    70    70 
10793 10270 10418 11266  9818  9383  9419 10786 10271 10402 11265  9820  9382  9419 0 0 0 0 0 0 0 0 0 0 0 0 0 0   224   224   224   224   224   224   224 10914 10349 10614 11266  9818  9382  9417     2    30    30    30    30    30    30    30    70    70    70    70    70    70    70 
10793 10270 10418 11266  9818  9383  9419 10778 10264 10411 11264  9812  9381  9416 0 0 0 0 0 0 0 0 0 0 0 0 0 0   224   224   224   224   224   224   224 10906 10344 10602 11266  9818  9382  9417     2    30    30    30    30    30    30    30    70    70    70    70    70    70    70 
10793 10270 10418 11266  9818  9383  9419 10784 10267 10404 11264  9819  9382  9414 0 0 0 0 0 0 0 0 0 0 0 0 0 0   224   224   224   224   224   224   224 10898 10339 10589 11266  9818  9382  9417     2    30    30    30    30    30    30    30    70    70    70    70    70    70    70 
10793 10270 10418 11266  9818  9383  9419 10785 10266 10409 11266  9825  9390  9421 0 0 0 0 0 0 0 0 0 0 0 0 0 0   224   224   224   224   224   224   224 10891 10335 10578 11266  9818  9383  9417     2    30    30    30    30    30    30    30    70    70    70    70    70    70    70 
10793 10270 10418 11266  9818  9383  9419 10780 10265 10399 11263  9815  9379  9411 0 0 0 0 0 0 0 0 0 0 0 0 0 0   224   224   224   224   224   224   224 10884 10330 10567 11265  9818  9382  9417     2    30    30    30    30    30    30    30    70    70    70    70    70    70    70 
10793 10270 10418 11266  9818  9383  9419 10799 10268 10400 11272  9821  9381  9413 0 0 0 0 0 0 0 0 0 0 0 0 0 0   224   224   224   224   224   224   224 10879 10326 10556 11266  9818  9382  9416     2    30    30    30    30    30    30    30    70    70    70    70    70    70    70 
10793 10270 10418 11266  9818  9383  9419 10786 10270 10400 11268  9823  9388  9418 0 0 0 0 0 0 0 0 0 0 0 0 0 0   224   224   224   224   224   224   224 10873 10323 10546 11266  9819  9383  9416     2    30    30    30    30    30    30    30    70    70    70    70    70    70    70 
10792 10269 10418 11266  9818  9383  9419 10782 10268 10406 11264  9815  9377  9411 0 0 0 0 0 0 0 0 0 0 0 0 0 0   224   224   224   224   224   224   224 10867 10319 10538 11266  9818  9382  9416     2    30    30    30    30    30    30    30    70    70    70    70    70    70    70 
10792 10269 10418 11266  9818  9383  9418 10791 10272 10408 11273  9823  9387  9417 0 0 0 0 0 0 0 0 0 0 0 0 0 0   224   224   224   224   224   224   224 10862 10316 10529 11266  9819  9382  9416     2    30    30    30    30    30    30    30    70    70    70    70    70    70    70 
10792 10269 10418 11266  9818  9383  9418 10790 10266 10409 11270  9818  9386  9420 0 0 0 0 0 0 0 0 0 0 0 0 0 0   224   224   224   224   224   224   224 10858 10313 10522 11266  9818  9383  9416     2    30    30    30    30    30    30    30    70    70    70    70    70    70    70 
10792 10269 10418 11266  9818  9383  9418 10785 10264 10403 11267  9815  9380  9411 0 0 0 0 0 0 0 0 0 0 0 0 0 0   224   224   224   224   224   224   224 10853 10310 10514 11266  9818  9382  9416     2    30    30    30    30    30    30    30    70    70    70    70    70    70    70 
10792 10269 10418 11266  9818  9383  9418 10789 10273 10412 11267  9823  9381  9417 0 0 0 0 0 0 0 0 0 0 0 0 0 0   224   224   224   224   224   224   224 10849 10308 10508 11266  9819  9382  9416     2    30    30    30    30    30    30    30    70    70    70    70    70    70    70 
10792 10269 10418 11266  9818  9383  9418 10794 10280 10411 11273  9816  9386  9418 0 0 0 0 0 0 0 0 0 0 0 0 0 0   224   224   224   224   224   224   224 10846 10306 10502 11267  9818  9383  9416     2    30    30    30    30    30    30    30    70    70    70    70    70    70    70 
10792 10269 10417 11266  9818  9383  9418 10784 10262 10405 11262  9812  9376  9411 0 0 0 0 0 0 0 0 0 0 0 0 0 0   224   224   224   224   224   224   224 10842 10303 10496 11266  9818  9382  9416     2    30    30    30    30    30    30    30    70    70    70    70    70    70    70 
10792 10269 10417 11266  9818  9383  9418 10789 10272 10404 11270  9824  9385  9416 0 0 0 0 0 0 0 0 0 0 0 0 0 0   224   224   224   224   224   224   224 10838 10301 10490 11267  9818  9382  9416     2    30    30    30    30    30    30    30    70    70    70    70    70    70    70 
10792 10269 10417 11266  9818  9383  9418 10781 10266 10423 11265  9818  9390  9417 0 0 0 0 0 0 0 0 0 0 0 0 0 0   224   224   224   224   224   224   224 10835 10299 10486 11266  9818  9383  9416     2    30    30    30    30    30    30    30    70    70    70    70    70    70    70 
10792 10269 10417 11266  9818  9383  9418 10780 10261 10402 11264  9814  9378  9409 0 0 0 0 0 0 0 0 0 0 0 0 0 0   224   224   224   224   224   224   224 10831 10297 10481 11266  9818  9382  9415     2    30    30    30    30    30    30    30    70    70    70    70    70    70    70 
10792 10269 10417 11266  9818  9383  9418 10785 10268 10411 11268  9827  9387  9418 0 0 0 0 0 0 0 0 0 0 0 0 0 0   224   224   224   224   224   224   224 10828 10295 10476 11266  9818  9383  9415     2    30    30    30    30    30    30    30    70    70    70    70    70    70    70 
10792 10269 10417 11266  9818  9383  9418 10779 10266 10395 11266  9815  9392  9421 0 0 0 0 0 0 0 0 0 0 0 0 0 0   224   224   224   224   224   224   224 10825 10293 10471 11266  9818  9383  9416     2    30    30    30    30    30    30    30    70    70    70    70    70    70    70 
10792 10269 10417 11266  9818  9383  9418 10780 10258 10396 11263  9818  9380  9412 0 0 0 0 0 0 0 0 0 0 0 0 0 0   224   224   224   224   224   224   224 10822 10291 10466 11266  9818  9383  9415     2    30    30    30    30    30    30    30    70    70    70    70    70    70    70 
10791 10269 10417 11266  9818  9383  9418 10786 10268 10402 11270  9820  9389  9422 0 0 0 0 0 0 0 0 0 0 0 0 0 0   224   224   224   224   224   224   224 10820 10289 10462 11266  9818  9383  9416     2    30    30    30    30    30    30    30    70    70    70    70    70    70    70 
10791 10269 10417 11266  9818  9383  9418 10785 10261 10395 11262  9816  9381  9405 0 0 0 0 0 0 0 0 0 0 0 0 0 0   224   224   224   224   224   224   224 10818 10287 10458 11266  9818  9383  9415     2    30    30    30    30    30    30    30    70    70    70    70    70    70    70 
10791 10269 10417 11266  9818  9383  9418 10781 10262 10403 11262  9816  9381  9412 0 0 0 0 0 0 0 0 0 0 0 0 0 0   224   224   224   224   224   224   224 10816 10286 10455 11266  9818  9383  9415     2    30    30    30    30    30    30    30    70    70    70    70    70    70    70 
10791 10269 10417 11266  9818  9383  9418 10788 10272 10411 11272  9820  9386  9420 0 0 0 0 0 0 0 0 0 0 0 0 0 0   224   224   224   224   224   224   224 10814 10285 10452 11266  9818  9383  9415     2    30    30    30    30    30    30    30    70    70    70    70    70    70    70 
10791 10269 10417 11266  9818  9383  9418 10779 10261 10399 11261  9812  9379  9410 0 0 0 0 0 0 0 0 0 0 0 0 0 0   224   224   224   224   224   224   224 10812 10283 10449 11266  9818  9383  9415     2    30    30    30    30    30    30    30    70    70    70    70    70    70    70 
10791 10269 10417 11266  9818  9383  9418 10782 10266 10399 11262  9816  9379  9410 0 0 0 0 0 0 0 0 0 0 0 0 0 0   224   224   224   224   224   224   224 10810 10282 10445 11265  9817  9383  9415     2    30    30    30    30    30    30    30    70    70    70    70    70    70    70 
10791 10269 10416 11266  9818  9383  9418 10786 10269 10409 11267  9822  9389  9422 0 0 0 0 0 0 0 0 0 0 0 0 0 0   224   224   224   224   224   224   224 10808 10281 10443 11266  9818  9383  9415     2    30    30    30    30    30    30    30    70    70    70    70    70    70    70 
10791 10269 10416 11266  9818  9383  9418 10783 10260 10403 11262  9820  9378  9409 0 0 0 0 0 0 0 0 0 0 0 0 0 0   224   224   224   224   224   224   224 10807 10280 10441 11265  9818  9383  9415     2    30    30    30    30    30    30    30    70    70    70    70    70    70    70 
10791 10269 10416 11266  9818  9383  9418 10788 10266 10402 11261  9822  9383  9413 0 0 0 0 0 0 0 0 0 0 0 0 0 0   224   224   224   224   224   224   224 10805 10279 10438 11265  9818  9383  9414     2    30    30    30    30    30    30    30    70    70    70    70    70    70    70 
10791 10268 10416 11266  9818  9383  9418 10787 10268 10407 11270  9822  9388  9413 0 0 0 0 0 0 0 0 0 0 0 0 0 0   224   224   224   224   224   224   224 10804 10278 10436 11265  9818  9383  9414     2    30    30    30    30    30    30    30    70    70    70    70    70    70    70 
10791 10268 10416 11266  9818  9383  9418 10781 10268 10399 11260  9815  9381  9410 0 0 0 0 0 0 0 0 0 0 0 0 0 0   224   224   224   224   224   224   224 10803 10278 10434 11265  9818  9383  9414     2    30    30    30    30    30    30    30    70    70    70    70    70    70    70 
10790 10268 10416 11266  9818  9383  9417 10786 10267 10407 11268  9820  9381  9406 0 0 0 0 0 0 0 0 0 0 0 0 0 0   224   224   224   224   224   224   224 10802 10277 10432 11265  9818  9383  9413     2    30    30    30    30    30    30    30    70    70    70    70    70    70    70 
10790 10268 10416 11266  9818  9383  9417 10788 10267 10403 11265  9819  9387  9417 0 0 0 0 0 0 0 0 0 0 0 0 0 0   224   224   224   224   224   224   224 10801 10276 10430 11265  9818  9383  9414     1    30    30    30    30    30    30    30    70    70    70    70    70    70    70 
10790 10268 10416 11266  9818  9383  9417 10782 10265 10403 11262  9813  9376  9409 0 0 0 0 0 0 0 0 0 0 0 0 0 0   224   224   224   224   224   224   224 10800 10276 10428 11265  9818  9382  9413     1    30    30    30    30    30    30    30    70    70    70    70    70    70    70 
10790 10268 10416 11266  9818  9383  9417 10789 10271 10409 11265  9820  9388  9416 0 0 0 0 0 0 0 0 0 0 0 0 0 0   224   224   224   224   224   224   224 10799 10275 10427 11265  9818  9383  9413     2    30    30    30    30    30    30    30    70    70    70    70    70    70    70 
10790 10268 10416 11266  9818  9383  9417 10790 10270 10405 11270  9824  9383  9417 0 0 0 0 0 0 0 0 0 0 0 0 0 0   224   224   224   224   224   224   224 10798 10275 10426 11265  9818  9383  9414     1    30    30    30    30    30    30    30    70    70    70    70    70    70    70 
10790 10268 10416 11266  9818  9383  9417 10782 10270 10402 11263  9820  9379  9407 0 0 0 0 0 0 0 0 0 0 0 0 0 0   224   224   224   224   224   224   224 10797 10275 10424 11265  9818  9382  9413     1    30    30    30    30    30    30    30    70    70    70    70    70    70    70 
10790 10268 10415 11266  9818  9383  9417 10785 10273 10406 11265  9821  9389  9415 0 0 0 0 0 0 0 0 0 0 0 0 0 0   224   224   224   224   224   224   224 10796 10274 10423 11265  9818  9383  9413     1    30    30    30    30    30    30    30    70    70    70    70    70    70    70 
10790 10268 10415 11266  9818  9383  9417 10781 10272 10411 11266  9824  9383  9415 0 0 0 0 0 0 0 0 0 0 0 0 0 0   224   224   224   224   224   224   224 10795 10274 10422 11265  9819  9383  9413     1    30    30    30    30    30    30    30    70    70    70    70    70    70    70 
10790 10268 10415 11266  9818  9383  9417 10783 10262 10405 11263  9812  9383  9407 0 0 0 0 0 0 0 0 0 0 0 0 0 0   224   224   224   224   224   224   224 10795 10273 10421 11265  9818  9383  9413     1    30    30    30    30    30    30    30    70    70    70    70    70    70    70 
10790 10268 10415 11266  9818  9383  9417 10788 10270 10407 11266  9822  9382  9417 0 0 0 0 0 0 0 0 0 0 0 0 0 0   224   224   224   224   224   224   224 10794 10273 10420 11265  9819  9383  9413     1    30    30    30    30    30    30    30    70    70    70    70    70    70    70 
10790 10268 10415 11266  9818  9383  9417 10783 10265 10402 11263  9821  9387  9412 0 0 0 0 0 0 0 0 0 0 0 0 0 0   224   224   224   224   224   224   224 10793 10273 10419 11265  9819  9383  9413     1    30    30    30    30    30    30    30    70    70    70    70    70    70    70 
10790 10268 10415 11265  9818  9383  9417 10785 10261 10404 11263  9818  9379  9408 0 0 0 0 0 0 0 0 0 0 0 0 0 0   224   224   224   224   224   224   224 10793 10272 10418 11265  9819  9383  9413     1    30    30    30    30    30    30    30    70    70    70    70    70    70    70 
10789 10268 10415 11265  9818  9383  9417 10787 10269 10409 11269  9823  9387  9418 0 0 0 0 0 0 0 0 0 0 0 0 0 0   224   224   224   224   224   224   224 10793 10272 10418 11265  9819  9383  9413     1    30    30    30    30    30    30    30    70    70    70    70    70    70    70 
10789 10268 10415 11265  9818  9383  9417 10780 10265 10401 11263  9817  9375  9418 0 0 0 0 0 0 0 0 0 0 0 0 0 0   224   224   224   224   224   224   224 10792 10271 10416 11265  9819  9382  9413     1    30    30    30    30    30    30    30    70    70    70    70    70    70    70 
10789 10268 10415 11265  9818  9383  9417 10783 10263 10404 11264  9814  9382  9414 0 0 0 0 0 0 0 0 0 0 0 0 0 0   224   224   224   224   224   224   224 10791 10271 10416 11265  9818  9382  9413     1    30    30    30    30    30    30    30    70    70    70    70    70    70    70 
10789 10268 10415 11265  9818  9383  9417 10787 10273 10410 11271  9822  9385  9416 0 0 0 0 0 0 0 0 0 0 0 0 0 0   224   224   224   224   224   224   224 10791 10271 10415 11265  9819  9382  9413     1    30    30    30    30    30    30    30    70    70    70    70    70    70    70 
10789 10268 10415 11265  9818  9383  9417 10782 10261 10401 11262  9817  9377  9411 0 0 0 0 0 0 0 0 0 0 0 0 0 0   224   224   224   224   224   224   224 10790 10270 10414 11265  9818  9382  9413     1    30    30    30    30    30    30    30    70    70    70    70    70    70    70 
10789 10268 10414 11265  9818  9383  9417 10784 10263 10397 11263  9814  9379  9408 0 0 0 0 0 0 0 0 0 0 0 0 0 0   224   224   224   224   224   224   224 10790 10270 10413 11265  9818  9382  9413     1    30    30    30    30    30    30    30    70    70    70    70    70    70    70 
10789 10268 10414 11265  9818  9383  9417 10791 10271 10408 11270  9825  9385  9417 0 0 0 0 0 0 0 0 0 0 0 0 0 0   224   224   224   224   224   224   224 10790 10270 10413 11265  9819  9382  9413     1    30    30    30    30    30    30    30    70    70    70    70    70    70    70 
10789 10268 10414 11265  9818  9383  9416 10778 10264 10401 11261  9811  9377  9406 0 0 0 0 0 0 0 0 0 0 0 0 0 0   224   224   224   224   224   224   224 10789 10269 10412 11265  9818  9382  9413     2    30    30    30    30    30    30    30    70    70    70    70    70    70    70 
10789 10268 10414 11265  9818  9383  9416 10788 10265 10403 11264  9816  9378  9411 0 0 0 0 0 0 0 0 0 0 0 0 0 0   224   224   224   224   224   224   224 10789 10269 10412 11265  9818  9381  9413     2    30    30    30    30    30    30    30    70    70    70    70    70    70    70 
10789 10268 10414 11265  9818  9383  9416 10789 10269 10406 11268  9824  9385  9416 0 0 0 0 0 0 0 0 0 0 0 0 0 0   224   224   224   224   224   224   224 10789 10269 10411 11265  9818  9382  9413     2    30    30    30    30    30    30    30    70    70    70    70    70    70    70 
10789 10268 10414 11265  9818  9383  9416 10783 10266 10401 11263  9818  9377  9411 0 0 0 0 0 0 0 0 0 0 0 0 0 0   224   224   224   224   224   224   224 10789 10269 10410 11265  9818  9381  9413     2    30    30    30    30    30    30    30    70    70    70    70    70    70    70 
10789 10268 10414 11265  9818  9383  9416 10789 10271 10409 11271  9810  9378  9410 0 0 0 0 0 0 0 0 0 0 0 0 0 0   224   224   224   224   224   224   224 10789 10269 10410 11265  9818  9381  9412     1    30    30    30    30    30    30    30    70    70    70    70    70    70    70 
10789 10268 10414 11265  9818  9383  9416 10784 10270 10405 11272  9823  9387  9417 0 0 0 0 0 0 0 0 0 0 0 0 0 0   224   224   224   224   224   224   224 10788 10269 10410 11265  9818  9381  9413     2    30    30    30    30    30    30    30    70    70    70    70    70    70    70 
10789 10268 10414 11265  9818  9383  9416 10779 10262 10400 11262  9819  9382  9407 0 0 0 0 0 0 0 0 0 0 0 0 0 0   224   224   224   224   224   224   224 10788 10268 10409 11265  9818  9381  9412     2    30    30    30    30    30    30    30    70    70    70    70    70    70    70 
10789 10268 10414 11265  9818  9383  9416 10793 10273 10408 11270  9826  9386  9414 0 0 0 0 0 0 0 0 0 0 0 0 0 0   224   224   224   224   224   224   224 10788 10269 10409 11265  9818  9382  9412     2    30    30    30    30    30    30    30    70    70    70    70    70    70    70 
10789 10268 10414 11265  9818  9383  9416 10793 10269 10407 11271  9822  9389  9417 0 0 0 0 0 0 0 0 0 0 0 0 0 0   224   224   224   224   224   224   224 10788 10269 10409 11266  9819  9382  9413     2    30    30    30    30    30    30    30    70    70    70    70    70    70    70 
10789 10268 10413 11265  9818  9383  9416 10783 10267 10401 11265  9817  9379  9411 0 0 0 0 0 0 0 0 0 0 0 0 0 0   224   224   224   224   224   224   224 10788 10269 10409 11266  9818  9382  9412     2    30    30    30    30    30    30    30    70    70    70    70    70    70    70 
10789 10268 10413 11265  9818  9383  9416 10785 10268 10407 11268  9822  9386  9413 0 0 0 0 0 0 0 0 0 0 0 0 0 0   224   224   224   224   224   224   224 10788 10269 10408 11266  9819  9382  9412     1    30    30    30    30    30    30    30    70    70    70    70    70    70    70 
10789 10268 10413 11265  9818  9383  9416 10789 10267 10413 11268  9824  9390  9417 0 0 0 0 0 0 0 0 0 0 0 0 0 0   224   224   224   224   224   224   224 10788 10268 10409 11266  9819  9383  9413     1    30    30    30    30    30    30    30    70    70    70    70    70    70    70 
10789 10268 10413 11265  9818  9383  9416 10782 10263 10400 11264  9814  9377  9409 0 0 0 0 0 0 0 0 0 0 0 0 0 0   224   224   224   224   224   224   224 10787 10268 10408 11266  9819  9382  9412     1    30    30    30    30    30    30    30    70    70    70    70    70    70    70 
10788 10268 10413 11265  9818  9383  9416 10787 10272 10408 11270  9822  9389  9419 0 0 0 0 0 0 0 0 0 0 0 0 0 0   224   224   224   224   224   224   224 10787 10268 10408 11266  9819  9383  9413     2    30    30    30    30    30    30    30    70    70    70    70    70    70    70 
10788 10268 10413 11265  9818  9383  9416 10780 10270 10407 11268  9821  9386  9416 0 0 0 0 0 0 0 0 0 0 0 0 0 0   224   224   224   224   224   224   224 10787 10268 10408 11266  9819  9383  9413     1    30    30    30    30    30    30    30    70    70    70    70    70    70    70 
10788 10268 10413 11265  9818  9383  9416 10785 10264 10399 11264  9818  9380  9409 0 0 0 0 0 0 0 0 0 0 0 0 0 0   224   224   224   224   224   224   224 10787 10268 10407 11266  9819  9383  9413     1    30    30    30    30    30    30    30    70    70    70    70    70    70    70 
10788 10268 10413 11265  9819  9383  9416 10790 10269 10408 11269  9824  9387  9413 0 0 0 0 0 0 0 0 0 0 0 0 0 0   224   224   224   224   224   224   224 10787 10268 10407 11266  9819  9383  9413     1    30    30    30    30    30    30    30    70    70    70    70    70    70    70 
10788 10268 10413 11265  9819  9383  9416 10783 10262 10399 11263  9824  9387  9415 0 0 0 0 0 0 0 0 0 0 0 0 0 0   224   224   224   224   224   224   224 10787 10268 10407 11266  9819  9383  9413     1    30    30    30    30    30    30    30    70    70    70    70    70    70    70 
10788 10268 10413 11265  9819  9383  9416 10784 10263 10398 11263  9814  9381  9407 0 0 0 0 0 0 0 0 0 0 0 0 0 0   224   224   224   224   224   224   224 10786 10267 10406 11266  9819  9383  9412     1    30    30    30    30    30    30    30    70    70    70    70    70    70    70 
10788 10268 10413 11265  9819  9383  9416 10788 10269 10409 11271  9823  9385  9414 0 0 0 0 0 0 0 0 0 0 0 0 0 0   224   224   224   224   224   224   224 10786 10267 10406 11266  9819  9383  9412     1    30    30    30    30    30    30    30    70    70    70    70    70    70    70 
10788 10268 10413 11265  9819  9383  9416 10781 10264 10398 11261  9815  9379  9407 0 0 0 0 0 0 0 0 0 0 0 0 0 0   224   224   224   224   224   224   224 10786 10267 10406 11266  9819  9383  9412     2    30    30    30    30    30    30    30    70    70    70    70    70    70    70 
10788 10268 10405 11265  9819  9383  9415 10784 10265 10398 11264  9815  9380  9407 0 0 0 0 0 0 0 0 0 0 0 0 0 0   224   224   224   224   224   224   224 10786 10267 10405 11265  9819  9382  9412     1    30    30    30    30    30    30    30    70    70    70    70    70    70    70 
10788 10268 10405 11265  9819  9383  9415 10787 10268 10408 11268  9821  9384  9414 0 0 0 0 0 0 0 0 0 0 0 0 0 0   224   224   224   224   224   224   224 10786 10267 10405 11266  9819  9383  9412     1    30    30    30    30    30    30    30    70    70    70    70    70    70    70 
10788 10268 10405 11265  9819  9383  9415 10783 10269 10399 11263  9817  9378  9406 0 0 0 0 0 0 0 0 0 0 0 0 0 0   224   224   224   224   224   224   224 10786 10267 10405 11265  9819  9382  9411     1    30    30    30    30    30    30    30    70    70    70    70    70    70    70 
10788 10268 10405 11265  9819  9383  9415 10784 10264 10402 11263  9814  9377  9407 0 0 0 0 0 0 0 0 0 0 0 0 0 0   224   224   224   224   224   224   224 10786 10267 10405 11265  9818  9382  9411     1    30    30    30    30    30    30    30    70    70    70    70    70    70    70 
10788 10268 10405 11265  9819  9383  9415 10790 10266 10406 11269  9820  9388  9415 0 0 0 0 0 0 0 0 0 0 0 0 0 0   224   224   224   224   224   224   224 10786 10267 10405 11265  9818  9382  9411     1    30    30    30    30    30    30    30    70    70    70    70    70    70    70 
10788 10268 10405 11265  9819  9383  9415 10783 10267 10402 11263  9816  9377  9406 0 0 0 0 0 0 0 0 0 0 0 0 0 0   224   224   224   224   224   224   224 10786 10267 10405 11265  9818  9382  9411     1    30    30    30    30    30    30    30    70    70    70    70    70    70    70 
10788 10268 10405 11265  9819  9383  9415 10791 10275 10401 11262  9815  9379  9406 0 0 0 0 0 0 0 0 0 0 0 0 0 0   224   224   224   224   224   224   224 10786 10267 10404 11265  9818  9382  9411     1    30    30    30    30    30    30    30    70    70    70    70    70    70    70 
10788 10268 10405 11265  9819  9383  9415 10788 10268 10407 11267  9822  9385  9411 0 0 0 0 0 0 0 0 0 0 0 0 0 0   224   224   224   224   224   224   224 10786 10267 10404 11265  9818  9382  9411     1    30    30    30    30    30    30    30    70    70    70    70    70    70    70 
10788 10268 10405 11265  9819  9383  9415 10782 10263 10406 11262  9817  9378  9406 0 0 0 0 0 0 0 0 0 0 0 0 0 0   224   224   224   224   224   224   224 10786 10267 10405 11265  9818  9382  9410     1    30    30    30    30    30    30    30    70    70    70    70    70    70    70 
10788 10268 10405 11265  9819  9383  9415 10785 10273 10412 11267  9822  9380  9407 0 0 0 0 0 0 0 0 0 0 0 0 0 0   224   224   224   224   224   224   224 10786 10267 10405 11265  9818  9381  9410     1    30    30    30    30    30    30    30    70    70    70    70    70    70    70 
10788 10268 10405 11265  9819  9383  9415 10786 10281 10414 11270  9818  9387  9413 0 0 0 0 0 0 0 0 0 0 0 0 0 0   224   224   224   224   224   224   224 10786 10268 10406 11265  9818  9382  9410     1    30    30    30    30    30    30    30    70    70    70    70    70    70    70 
10787 10268 10405 11265  9819  9383  9415 10784 10264 10397 11262  9811  9379  9402 0 0 0 0 0 0 0 0 0 0 0 0 0 0   224   224   224   224   224   224   224 10786 10268 10405 11265  9818  9382  9410     1    30    30    30    30    30    30    30    70    70    70    70    70    70    70 
10787 10268 10405 11265  9819  9383  9414 10789 10261 10409 11271  9823  9385  9413 0 0 0 0 0 0 0 0 0 0 0 0 0 0   224   224   224   224   224   224   224 10786 10267 10405 11265  9818  9382  9410     2    30    30    30    30    30    30    30    70    70    70    70    70    70    70 
10787 10268 10405 11265  9819  9383  9414 10785 10267 10401 11270  9823  9386  9415 0 0 0 0 0 0 0 0 0 0 0 0 0 0   224   224   224   224   224   224   224 10786 10267 10405 11266  9818  9382  9410     1    30    30    30    30    30    30    30    70    70    70    70    70    70    70 
10787 10268 10405 11265  9819  9383  9414 10782 10263 10403 11263  9815  9378  9406 0 0 0 0 0 0 0 0 0 0 0 0 0 0   224   224   224   224   224   224   224 10785 10267 10405 11265  9818  9382  9410     1    30    30    30    30    30    30    30    70    70    70    70    70    70    70 
10787 10268 10405 11265  9819  9383  9414 10790 10274 10410 11268  9821  9384  9412 0 0 0 0 0 0 0 0 0 0 0 0 0 0   224   224   224   224   224   224   224 10786 10267 10405 11266  9818  9382  9410     2    30    30    30    30    30    30    30    70    70    70    70    70    70    70 
10787 10268 10405 11265  9819  9383  9414 10788 10271 10416 11269  9820  9385  9412 0 0 0 0 0 0 0 0 0 0 0 0 0 0   224   224   224   224   224   224   224 10786 10268 10406 11266  9818  9382  9410     1    30    30    30    30    30    30    30    70    70    70    70    70    70    70 
10787 10268 10405 11265  9819  9383  9414 10780 10263 10402 11264  9817  9380  9406 0 0 0 0 0 0 0 0 0 0 0 0 0 0   224   224   224   224   224   224   224 10785 10267 10405 11266  9818  9382  9410     1    30    30    30    30    30    30    30    70    70    70    70    70    70    70 
10787 10268 10405 11265  9819  9383  9414 10788 10265 10408 11271  9822  9385  9411 0 0 0 0 0 0 0 0 0 0 0 0 0 0   224   224   224   224   224   224   224 10785 10267 10406 11266  9818  9382  9410     1    30    30    30    30    30    30    30    70    70    70    70    70    70    70 
10787 10268 10405 11265  9819  9383  9414 10774 10264 10402 11272  9817  9388  9413 0 0 0 0 0 0 0 0 0 0 0 0 0 0   224   224   224   224   224   224   224 10785 10267 10405 11266  9818  9382  9410     1    30    30    30    30    30    30    30    70    70    70    70    70    70    70 
10787 10268 10405 11265  9819  9383  9414 10774 10269 10404 11263  9816  9379  9406 0 0 0 0 0 0 0 0 0 0 0 0 0 0   224   224   224   224   224   224   224 10784 10267 10405 11266  9818  9382  9410     1    30    30    30    30    30    30    30    70    70    70    70    70    70    70 
10787 10268 10405 11265  9819  9383  9414 10781 10261 10405 11266  9822  9387  9413 0 0 0 0 0 0 0 0 0 0 0 0 0 0   224   224   224   224   224   224   224 10784 10267 10405 11266  9818  9382  9410     1    30    30    30    30    30    30    30    70    70    70    70    70    70    70 
10787 10268 10405 11265  9819  9383  9414 10782 10266 10399 11265  9813  9379  9416 0 0 0 0 0 0 0 0 0 0 0 0 0 0   224   224   224   224   224   224   224 10784 10267 10405 11266  9818  9382  9410     1    30    30    30    30    30    30    30    70    70    70    70    70    70    70 
10787 10267 10405 11265  9819  9383  9414 10782 10263 10403 11265  9815  9377  9404 0 0 0 0 0 0 0 0 0 0 0 0 0 0   224   224   224   224   224   224   224 10784 10266 10405 11266  9818  9382  9410     1    30    30    30    30    30    30    30    70    70    70    70    70    70    70 
10787 10267 10405 11265  9819  9383  9414 10790 10274 10413 11269  9822  9387  9411 0 0 0 0 0 0 0 0 0 0 0 0 0 0   224   224   224   224   224   224   224 10784 10267 10405 11266  9818  9382  9410     1    30    30    30    30    30    30    30    70    70    70    70    70    70    70 
10787 10267 10405 11265  9819  9383  9414 10781 10259 10403 11263  9820  9379  9405 0 0 0 0 0 0 0 0 0 0 0 0 0 0   224   224   224   224   224   224   224 10784 10266 10405 11266  9818  9382  9410     2    30    30    30    30    30    30    30    70    70    70    70    70    70    70 
10787 10267 10405 11265  9819  9383  9414 10785 10266 10393 11260  9814  9377  9406 0 0 0 0 0 0 0 0 0 0 0 0 0 0   224   224   224   224   224   224   224 10784 10266 10404 11265  9818  9382  9409     2    30    30    30    30    30    30    30    70    70    70    70    70    70    70 
10787 10267 10405 11265  9819  9383  9413 10789 10262 10412 11266  9820  9386  9412 0 0 0 0 0 0 0 0 0 0 0 0 0 0   224   224   224   224   224   224   224 10784 10266 10405 11265  9818  9382  9409     2    30    30    30    30    30    30    30    70    70    70    70    70    70    70 
10787 10267 10405 11265  9819  9383  9413 10781 10270 10399 11267  9818  9381  9406 0 0 0 0 0 0 0 0 0 0 0 0 0 0   224   224   224   224   224   224   224 10784 10266 10404 11265  9818  9382  9409     2    30    30    30    30    30    30    30    70    70    70    70    70    70    70 
10787 10267 10405 11265  9819  9383  9413 10773 10268 10399 11259  9816  9375  9406 0 0 0 0 0 0 0 0 0 0 0 0 0 0   224   224   224   224   224   224   224 10783 10266 10404 11265  9818  9381  9409     2    30    30    30    30    30    30    30    70    70    70    70    70    70    70 
10787 10267 10405 11265  9819  9383  9413 10782 10276 10412 11269  9819  9384  9409 0 0 0 0 0 0 0 0 0 0 0 0 0 0   224   224   224   224   224   224   224 10783 10267 10404 11265  9818  9381  9409     2    30    30    30    30    30    30    30    70    70    70    70    70    70    70 
10787 10267 10405 11265  9819  9383  9413 10778 10260 10395 11260  9813  9379  9403 0 0 0 0 0 0 0 0 0 0 0 0 0 0   224   224   224   224   224   224   224 10783 10266 10404 11265  9817  9381  9409     2    30    30    30    30    30    30    30    70    70    70    70    70    70    70 
10787 10267 10405 11265  9819  9383  9413 10783 10273 10408 11260  9817  9380  9404 0 0 0 0 0 0 0 0 0 0 0 0 0 0   224   224   224   224   224   224   224 10783 10267 10404 11265  9817  9381  9408     2    30    30    30    30    30    30    30    70    70    70    70    70    70    70 
10787 10267 10405 11265  9819  9383  9413 10785 10273 10414 11269  9824  9383  9409 0 0 0 0 0 0 0 0 0 0 0 0 0 0   224   224   224   224   224   224   224 10783 10267 10405 11265  9818  9381  9408     2    30    30    30    30    30    30    30    70    70    70    70    70    70    70 
10786 10267 10405 11265  9819  9383  9413 10779 10259 10395 11263  9811  9379  9402 0 0 0 0 0 0 0 0 0 0 0 0 0 0   224   224   224   224   224   224   224 10783 10267 10404 11265  9817  9381  9408     2    30    30    30    30    30    30    30    70    70    70    70    70    70    70 
10786 10267 10405 11265  9819  9383  9413 10786 10272 10403 11270  9821  9388  9404 0 0 0 0 0 0 0 0 0 0 0 0 0 0   224   224   224   224   224   224   224 10783 10267 10404 11265  9818  9381  9408     2    30    30    30    30    30    30    30    70    70    70    70    70    70    70 
10786 10267 10405 11265  9819  9383  9413 10790 10270 10407 11269  9823  9384  9409 0 0 0 0 0 0 0 0 0 0 0 0 0 0   224   224   224   224   224   224   224 10783 10267 10404 11265  9818  9382  9408     2    30    30    30    30    30    30    30    70    70    70    70    70    70    70 
10786 10267 10405 11265  9819  9383  9413 10777 10269 10403 11264  9813  9381  9408 0 0 0 0 0 0 0 0 0 0 0 0 0 0   224   224   224   224   224   224   224 10783 10267 10404 11265  9817  9381  9408     2    30    30    30    30    30    30    30    70    70    70    70    70    70    70 
10786 10267 10405 11265  9819  9383  9412 10784 10273 10412 11269  9826  9388  9409 0 0 0 0 0 0 0 0 0 0 0 0 0 0   224   224   224   224   224   224   224 10783 10267 10404 11265  9818  9382  9408     2    30    30    30    30    30    30    30    70    70    70    70    70    70    70 
10786 10267 10405 11265  9819  9383  9412 10789 10273 10412 11273  9818  9384  9411 0 0 0 0 0 0 0 0 0 0 0 0 0 0   224   224   224   224   224   224   224 10783 10268 10405 11266  9818  9382  9408     2    30    30    30    30    30    30    30    70    70    70    70    70    70    70 
10786 10267 10405 11265  9819  9383  9412 10780 10264 10395 11264  9816  9376  9405 0 0 0 0 0 0 0 0 0 0 0 0 0 0   224   224   224   224   224   224   224 10783 10267 10404 11266  9818  9382  9408     2    30    30    30    30    30    30    30    70    70    70    70    70    70    70 
10786 10267 10405 11265  9819  9383  9412 10788 10272 10407 11270  9823  9383  9414 0 0 0 0 0 0 0 0 0 0 0 0 0 0   224   224   224   224   224   224   224 10783 10268 10404 11266  9818  9382  9408     2    30    30    30    30    30    30    30    70    70    70    70    70    70    70 
10786 10267 10405 11265  9819  9383  9412 10780 10278 10404 11268  9824  9387  9407 0 0 0 0 0 0 0 0 0 0 0 0 0 0   224   224   224   224   224   224   224 10783 10268 10404 11266  9818  9382  9408     2    30    30    30    30    30    30    30    70    70    70    70    70    70    70 
10786 10267 10405 11265  9819  9383  9412 10781 10265 10397 11264  9816  9377  9405 0 0 0 0 0 0 0 0 0 0 0 0 0 0   224   224   224   224   224   224   224 10783 10268 10404 11266  9818  9382  9408     2    30    30    30    30    30    30    30    70    70    70    70    70    70    70 
10786 10267 10405 11265  9819  9383  9412 10789 10270 10404 11272  9824  9385  9411 0 0 0 0 0 0 0 0 0 0 0 0 0 0   224   224   224   224   224   224   224 10783 10268 10404 11266  9819  9382  9408     2    30    30    30    30    30    30    30    70    70    70    70    70    70    70 
10786 10267 10405 11265  9819  9383  9412 10781 10265 10397 11263  9819  9378  9410 0 0 0 0 0 0 0 0 0 0 0 0 0 0   224   224   224   224   224   224   224 10783 10268 10403 11266  9819  9381  9408     2    30    30    30    30    30    30    30    70    70    70    70    70    70    70 
10786 10267 10405 11265  9819  9383  9412 10781 10262 10405 11262  9814  9383  9403 0 0 0 0 0 0 0 0 0 0 0 0 0 0   224   224   224   224   224   224   224 10783 10268 10403 11266  9818  9382  9408     2    30    30    30    30    30    30    30    70    70    70    70    70    70    70 
10786 10267 10405 11265  9819  9383  9412 10788 10273 10407 11268  9815  9384  9409 0 0 0 0 0 0 0 0 0 0 0 0 0 0   224   224   224   224   224   224   224 10783 10268 10404 11266  9818  9382  9408     2    30    30    30    30    30    30    30    70    70    70    70    70    70    70 
10786 10267 10405 11265  9819  9383  9412 10782 10266 10400 11263  9813  9378  9415 0 0 0 0 0 0 0 0 0 0 0 0 0 0   224   224   224   224   224   224   224 10783 10268 10403 11266  9818  9381  9408     2    30    30    30    30    30    30    30    70    70    70    70    70    70    70 
10786 10267 10405 11265  9819  9383  9412 10781 10264 10397 11260  9817  9375  9400 0 0 0 0 0 0 0 0 0 0 0 0 0 0   224   224   224   224   224   224   224 10783 10267 10403 11265  9818  9381  9408     2    30    30    30    30    30    30    30    70    70    70    70    70    70    70 
10786 10267 10405 11265  9819  9383  9412 10786 10269 10405 11269  9826  9389  9413 0 0 0 0 0 0 0 0 0 0 0 0 0 0   224   224   224   224   224   224   224 10783 10268 10403 11265  9818  9381  9408     2    30    30    30    30    30    30    30    70    70    70    70    70    70    70 
10786 10267 10405 11265  9819  9383  9412 10783 10260 10403 11265  9817  9377  9401 0 0 0 0 0 0 0 0 0 0 0 0 0 0   224   224   224   224   224   224   224 10783 10267 10403 11265  9818  9381  9407     2    30    30    30    30    30    30    30    70    70    70    70    70    70    70 
10786 10267 10405 11265  9819  9383  9412 10780 10265 10402 11261  9814  9379  9403 0 0 0 0 0 0 0 0 0 0 0 0 0 0   224   224   224   224   224   224   224 10783 10267 10403 11265  9818  9381  9407     2    30    30    30    30    30    30    30    70    70    70    70    70    70    70 
10786 10267 10405 11265  9819  9383  9412 10787 10270 10402 11269  9825  9389  9411 0 0 0 0 0 0 0 0 0 0 0 0 0 0   224   224   224   224   224   224   224 10783 10267 10403 11265  9818  9381  9407     2    30    30    30    30    30    30    30    70    70    70    70    70    70    70 
10786 10267 10404 11265  9819  9383  9412 10779 10263 10398 11263  9817  9380  9404 0 0 0 0 0 0 0 0 0 0 0 0 0 0   224   224   224   224   224   224   224 10783 10267 10402 11265  9818  9381  9407     2    30    30    30    30    30    30    30    70    70    70    70    70    70    70 
10786 10267 10404 11265  9819  9383  9411 10786 10264 10402 11262  9820  9378  9406 0 0 0 0 0 0 0 0 0 0 0 0 0 0   224   224   224   224   224   224   224 10783 10267 10402 11265  9818  9381  9407     2    30    30    30    30    30    30    30    70    70    70    70    70    70    70 
10786 10267 10404 11265  9819  9383  9411 10789 10269 10405 11270  9821  9384  9405 0 0 0 0 0 0 0 0 0 0 0 0 0 0   224   224   224   224   224   224   224 10783 10267 10403 11265  9818  9381  9407     1    30    30    30    30    30    30    30    70    70    70    70    70    70    70 
10786 10267 10404 11265  9819  9383  9411 10780 10269 10402 11262  9816  9377  9404 0 0 0 0 0 0 0 0 0 0 0 0 0 0   224   224   224   224   224   224   224 10783 10267 10402 11265  9818  9381  9407     1    30    30    30    30    30    30    30    70    70    70    70    70    70    70 
10786 10267 10404 11265  9819  9383  9411 10789 10272 10405 11269  9817  9377  9403 0 0 0 0 0 0 0 0 0 0 0 0 0 0   224   224   224   224   224   224   224 10783 10267 10403 11265  9818  9381  9406     1    30    30    30    30    30    30    30    70    70    70    70    70    70    70 
10786 10267 10404 11265  9819  9383  9411 10793 10269 10411 11268  9821  9380  9410 0 0 0 0 0 0 0 0 0 0 0 0 0 0   224   224   224   224   224   224   224 10784 10267 10403 11265  9818  9381  9407     1    30    30    30    30    30    30    30    70    70    70    70    70    70    70 
10786 10267 10404 11265  9819  9383  9411 10784 10266 10401 11263  9816  9381  9401 0 0 0 0 0 0 0 0 0 0 0 0 0 0   224   224   224   224   224   224   224 10784 10267 10403 11265  9818  9381  9406     1    30    30    30    30    30    30    30    70    70    70    70    70    70    70 
10786 10267 10404 11265  9819  9383  9411 10791 10266 10410 11268  9827  9386  9414 0 0 0 0 0 0 0 0 0 0 0 0 0 0   224   224   224   224   224   224   224 10784 10267 10403 11265  9819  9381  9407     2    30    30    30    30    30    30    30    70    70    70    70    70    70    70 
10786 10267 10404 11265  9819  9383  9411 10787 10268 10403 11269  9822  9384  9406 0 0 0 0 0 0 0 0 0 0 0 0 0 0   224   224   224   224   224   224   224 10784 10267 10403 11265  9819  9381  9407     1    30    30    30    30    30    30    30    70    70    70    70    70    70    70 
10786 10267 10404 11265  9819  9383  9411 10781 10259 10400 11263  9817  9378  9401 0 0 0 0 0 0 0 0 0 0 0 0 0 0   224   224   224   224   224   224   224 10784 10266 10403 11265  9819  9381  9406     1    30    30    30    30    30    30    30    70    70    70    70    70    70    70 
10786 10267 10404 11265  9819  9383  9411 10788 10268 10403 11268  9821  9389  9410 0 0 0 0 0 0 0 0 0 0 0 0 0 0   224   224   224   224   224   224   224 10784 10267 10403 11265  9819  9381  9406     2    30    30    30    30    30    30    30    70    70    70    70    70    70    70 
10786 10267 10404 11265  9819  9383  9411 10792 10268 10406 11269  9822  9384  9404 0 0 0 0 0 0 0 0 0 0 0 0 0 0   224   224   224   224   224   224   224 10785 10267 10403 11266  9819  9381  9406     1    30    30    30    30    30    30    30    70    70    70    70    70    70    70 
10786 10267 10404 11265  9819  9383  9411 10777 10266 10403 11262  9813  9376  9402 0 0 0 0 0 0 0 0 0 0 0 0 0 0   224   224   224   224   224   224   224 10784 10267 10403 11265  9818  9381  9406     1    30    30    30    30    30    30    30    70    70    70    70    70    70    70 
10786 10267 10404 11265  9819  9383  9411 10786 10271 10405 11270  9822  9387  9410 0 0 0 0 0 0 0 0 0 0 0 0 0 0   224   224   224   224   224   224   224 10784 10267 10403 11266  9819  9381  9406     2    30    30    30    30    30    30    30    70    70    70    70    70    70    70 
10786 10267 10404 11265  9819  9383  9410 10782 10265 10406 11270  9819  9387  9408 0 0 0 0 0 0 0 0 0 0 0 0 0 0   224   224   224   224   224   224   224 10784 10267 10403 11266  9819  9382  9406     1    30    30    30    30    30    30    30    70    70    70    70    70    70    70 
10786 10267 10404 11265  9819  9383  9410 10781 10267 10402 11262  9816  9380  9401 0 0 0 0 0 0 0 0 0 0 0 0 0 0   224   224   224   224   224   224   224 10784 10267 10403 11266  9818  9382  9406     1    30    30    30    30    30    30    30    70    70    70    70    70    70    70 
10786 10267 10404 11265  9819  9383  9410 10787 10269 10405 11266  9821  9385  9409 0 0 0 0 0 0 0 0 0 0 0 0 0 0   224   224   224   224   224   224   224 10784 10267 10403 11266  9819  9382  9406     1    30    30    30    30    30    30    30    70    70    70    70    70    70    70 
10786 10267 10404 11265  9819  9383  9410 10780 10265 10400 11263  9816  9390  9407 0 0 0 0 0 0 0 0 0 0 0 0 0 0   224   224   224   224   224   224   224 10784 10267 10403 11265  9818  9382  9406     1    30    30    30    30    30    30    30    70    70    70    70    70    70    70 
10786 10267 10404 11265  9819  9383  9410 10780 10263 10399 11263  9813  9379  9397 0 0 0 0 0 0 0 0 0 0 0 0 0 0   224   224   224   224   224   224   224 10784 10266 10403 11265  9818  9382  9405     1    30    30    30    30    30    30    30    70    70    70    70    70    70    70 
